-11.0000000   -1.49648    0.42526    9.08763
-10.9843750   -1.52086    0.48355    8.72187
-10.9687500   -1.54521    0.54069    8.37856
-10.9531250   -1.56390    0.59558    8.06272
-10.9375000   -1.58260    0.64567    7.77071
-10.9218750   -1.60055    0.69513    7.49920
-10.9062500   -1.61684    0.74129    7.25584
-10.8906250   -1.62735    0.78274    7.03187
-10.8750000   -1.64187    0.82403    6.83177
-10.8593750   -1.65048    0.86373    6.64958
-10.8437500   -1.65827    0.89912    6.49369
-10.8281250   -1.66555    0.93428    6.35399
-10.8125000   -1.67005    0.96602    6.23472
-10.7968750   -1.67478    0.99826    6.13806
-10.7812500   -1.67650    1.02743    6.05580
-10.7656250   -1.67814    1.05541    5.99335
-10.7500000   -1.67665    1.08321    5.94988
-10.7343750   -1.67624    1.10929    5.92253
-10.7187500   -1.67325    1.13446    5.91112
-10.7031250   -1.66682    1.15956    5.91664
-10.6875000   -1.66460    1.18337    5.93681
-10.6718750   -1.65665    1.20873    5.97261
-10.6562500   -1.65019    1.23202    6.02367
-10.6406250   -1.64218    1.25620    6.08646
-10.6250000   -1.63216    1.28105    6.16431
-10.6093750   -1.62151    1.30515    6.25565
-10.5937500   -1.61145    1.33141    6.35579
-10.5781250   -1.60046    1.35724    6.47043
-10.5625000   -1.58718    1.38369    6.59714
-10.5468750   -1.57395    1.41470    6.73203
-10.5312500   -1.56070    1.44317    6.87823
-10.5156250   -1.54528    1.47519    7.03371
-10.5000000   -1.53201    1.50860    7.19928
-10.4843750   -1.51707    1.54407    7.37347
-10.4687500   -1.49847    1.58325    7.55468
-10.4531250   -1.48514    1.62254    7.74287
-10.4375000   -1.46800    1.66696    7.93920
-10.4218750   -1.44982    1.71303    8.14242
-10.4062500   -1.43245    1.76337    8.35189
-10.3906250   -1.41683    1.81647    8.56514
-10.3750000   -1.39923    1.87305    8.78416
-10.3593750   -1.38150    1.93482    9.00700
-10.3437500   -1.36284    1.99924    9.23645
-10.3281250   -1.34550    2.07017    9.46650
-10.3125000   -1.32806    2.14512    9.69936
-10.2968750   -1.30853    2.22625    9.93801
-10.2812500   -1.29336    2.30932   10.17343
-10.2656250   -1.27481    2.40438   10.41431
-10.2500000   -1.25781    2.49925   10.65608
-10.2343750   -1.23941    2.60603   10.89567
-10.2187500   -1.22208    2.71665   11.13563
-10.2031250   -1.20759    2.83357   11.37789
-10.1875000   -1.18834    2.96088   11.61533
-10.1718750   -1.17476    3.09370   11.85224
-10.1562500   -1.15561    3.23764   12.08879
-10.1406250   -1.14335    3.38855   12.32179
-10.1250000   -1.12617    3.54713   12.54809
-10.1093750   -1.11124    3.72011   12.77640
-10.0937500   -1.09624    3.89712   12.99660
-10.0781250   -1.08489    4.09022   13.21255
-10.0625000   -1.06933    4.29138   13.42451
-10.0468750   -1.05612    4.50549   13.62969
-10.0312500   -1.04346    4.72900   13.82712
-10.0156250   -1.03037    4.96870   14.02104
-10.0000000   -1.02087    5.22027   14.20450
 -9.9843750   -1.00723    5.48461   14.37963
 -9.9687500   -0.99627    5.76450   14.54864
 -9.9531250   -0.98705    6.06083   14.70502
 -9.9375000   -0.97491    6.37001   14.85491
 -9.9218750   -0.96537    6.69585   14.99120
 -9.9062500   -0.95463    7.03970   15.11934
 -9.8906250   -0.94669    7.39907   15.23820
 -9.8750000   -0.93619    7.77309   15.35037
 -9.8593750   -0.92737    8.16615   15.45454
 -9.8437500   -0.91749    8.57200   15.55441
 -9.8281250   -0.90967    8.99771   15.64641
 -9.8125000   -0.89972    9.43483   15.73501
 -9.7968750   -0.89098    9.89185   15.82226
 -9.7812500   -0.88166   10.36349   15.90327
 -9.7656250   -0.87261   10.85237   15.98258
 -9.7500000   -0.86085   11.35716   16.06262
 -9.7343750   -0.85031   11.87863   16.13970
 -9.7187500   -0.84097   12.41859   16.21603
 -9.7031250   -0.82653   12.97520   16.29335
 -9.6875000   -0.81562   13.54901   16.37206
 -9.6718750   -0.79825   14.14263   16.45211
 -9.6562500   -0.78439   14.75319   16.53094
 -9.6406250   -0.76681   15.38423   16.61460
 -9.6250000   -0.74583   16.03480   16.69672
 -9.6093750   -0.72636   16.70416   16.78431
 -9.5937500   -0.70024   17.39757   16.86915
 -9.5781250   -0.67428   18.10767   16.95929
 -9.5625000   -0.64313   18.84439   17.05081
 -9.5468750   -0.61112   19.60310   17.13963
 -9.5312500   -0.57053   20.38159   17.23071
 -9.5156250   -0.52964   21.19061   17.32302
 -9.5000000   -0.48115   22.01818   17.40929
 -9.4843750   -0.43064   22.87494   17.49679
 -9.4687500   -0.36962   23.75804   17.57649
 -9.4531250   -0.30625   24.66701   17.65486
 -9.4375000   -0.23102   25.60414   17.72098
 -9.4218750   -0.15055   26.56884   17.77943
 -9.4062500   -0.06208   27.56350   17.82602
 -9.3906250    0.03608   28.58545   17.85801
 -9.3750000    0.14704   29.63765   17.86853
 -9.3593750    0.26771   30.71815   17.86051
 -9.3437500    0.39773   31.82820   17.82909
 -9.3281250    0.54363   32.96433   17.76434
 -9.3125000    0.70179   34.12856   17.66921
 -9.2968750    0.87486   35.32182   17.53272
 -9.2812500    1.06459   36.53633   17.35594
 -9.2656250    1.27005   37.77704   17.12559
 -9.2500000    1.49366   39.04466   16.83901
 -9.2343750    1.73666   40.33877   16.48790
 -9.2187500    1.99757   41.65459   16.06317
 -9.2031250    2.28344   42.99846   15.56055
 -9.1875000    2.58830   44.35998   14.96903
 -9.1718750    2.91628   45.73968   14.27885
 -9.1562500    3.26913   47.12882   13.48535
 -9.1406250    3.64576   48.52312   12.58190
 -9.1250000    4.04376   49.91793   11.55638
 -9.1093750    4.46781   51.29665   10.40489
 -9.0937500    4.91276   52.65606    9.12211
 -9.0781250    5.38384   53.98035    7.69910
 -9.0625000    5.87044   55.25729    6.13960
 -9.0468750    6.38085   56.47093    4.43363
 -9.0312500    6.90593   57.60884    2.58346
 -9.0156250    7.44462   58.64948    0.59392
 -9.0000000    7.99631   59.58106   -1.53341
 -8.9843750    8.55473   60.38436   -3.78875
 -8.9687500    9.11191   61.03961   -6.16603
 -8.9531250    9.67182   61.53396   -8.65246
 -8.9375000   10.22331   61.84960  -11.22690
 -8.9218750   10.76052   61.97499  -13.87584
 -8.9062500   11.27919   61.89436  -16.57723
 -8.8906250   11.77604   61.60371  -19.30582
 -8.8750000   12.24263   61.09409  -22.03609
 -8.8593750   12.67246   60.36530  -24.74219
 -8.8437500   13.06260   59.40701  -27.40236
 -8.8281250   13.41056   58.22299  -29.98619
 -8.8125000   13.70442   56.81939  -32.47331
 -8.7968750   13.95049   55.20120  -34.83704
 -8.7812500   14.13836   53.38530  -37.06095
 -8.7656250   14.27443   51.38000  -39.11719
 -8.7500000   14.34908   49.20685  -40.99340
 -8.7343750   14.36858   46.88938  -42.67875
 -8.7187500   14.33365   44.44443  -44.15813
 -8.7031250   14.24209   41.89714  -45.42799
 -8.6875000   14.10076   39.27138  -46.48446
 -8.6718750   13.91113   36.58866  -47.32660
 -8.6562500   13.67572   33.87017  -47.96137
 -8.6406250   13.40016   31.14143  -48.39404
 -8.6250000   13.08916   28.41880  -48.63485
 -8.6093750   12.74316   25.71590  -48.69385
 -8.5937500   12.37321   23.05849  -48.58657
 -8.5781250   11.97731   20.44948  -48.32524
 -8.5625000   11.56256   17.90486  -47.92810
 -8.5468750   11.13644   15.43317  -47.41249
 -8.5312500   10.69723   13.04053  -46.79539
 -8.5156250   10.24972   10.73370  -46.09070
 -8.5000000    9.80199    8.51180  -45.31853
 -8.4843750    9.35301    6.38415  -44.48983
 -8.4687500    8.90198    4.35208  -43.61405
 -8.4531250    8.46074    2.41267  -42.70278
 -8.4375000    8.02186    0.57489  -41.76244
 -8.4218750    7.59263   -1.16844  -40.80434
 -8.4062500    7.16911   -2.81760  -39.83743
 -8.3906250    6.75930   -4.36936  -38.86404
 -8.3750000    6.36052   -5.83288  -37.89345
 -8.3593750    5.97221   -7.20605  -36.92943
 -8.3437500    5.59774   -8.49450  -35.98055
 -8.3281250    5.23445   -9.70145  -35.04452
 -8.3125000    4.88619  -10.82771  -34.12813
 -8.2968750    4.55059  -11.88046  -33.23576
 -8.2812500    4.22865  -12.85965  -32.36292
 -8.2656250    3.92141  -13.77333  -31.51919
 -8.2500000    3.62553  -14.61927  -30.70059
 -8.2343750    3.34263  -15.40679  -29.90708
 -8.2187500    3.07461  -16.13294  -29.14382
 -8.2031250    2.81936  -16.80656  -28.40444
 -8.1875000    2.57394  -17.42723  -27.69293
 -8.1718750    2.34238  -17.99873  -27.00762
 -8.1562500    2.12132  -18.52437  -26.34758
 -8.1406250    1.91323  -19.00603  -25.70943
 -8.1250000    1.71346  -19.44346  -25.09550
 -8.1093750    1.52579  -19.84705  -24.50061
 -8.0937500    1.34601  -20.20887  -23.92331
 -8.0781250    1.17906  -20.53717  -23.36521
 -8.0625000    1.01889  -20.83086  -22.82360
 -8.0468750    0.86609  -21.09570  -22.28993
 -8.0312500    0.72303  -21.32883  -21.77219
 -8.0156250    0.58807  -21.53197  -21.25907
 -8.0000000    0.45828  -21.70850  -20.75424
 -7.9843750    0.33583  -21.85942  -20.25644
 -7.9687500    0.22327  -21.98816  -19.76215
 -7.9531250    0.11289  -22.09120  -19.27694
 -7.9375000    0.00885  -22.17657  -18.79739
 -7.9218750   -0.08502  -22.23718  -18.32253
 -7.9062500   -0.17852  -22.28500  -17.85794
 -7.8906250   -0.26468  -22.31259  -17.39683
 -7.8750000   -0.34478  -22.32325  -16.94128
 -7.8593750   -0.42095  -22.32096  -16.49327
 -7.8437500   -0.49191  -22.30208  -16.05347
 -7.8281250   -0.55949  -22.27264  -15.61445
 -7.8125000   -0.62305  -22.22981  -15.18724
 -7.7968750   -0.68010  -22.17244  -14.76231
 -7.7812500   -0.73599  -22.10917  -14.34379
 -7.7656250   -0.78725  -22.03139  -13.93233
 -7.7500000   -0.83538  -21.94735  -13.52634
 -7.7343750   -0.87914  -21.85207  -13.12295
 -7.7187500   -0.92043  -21.74995  -12.73006
 -7.7031250   -0.95826  -21.64097  -12.33988
 -7.6875000   -0.99538  -21.52099  -11.95436
 -7.6718750   -1.02710  -21.39823  -11.57631
 -7.6562500   -1.05752  -21.26849  -11.20437
 -7.6406250   -1.08541  -21.13058  -10.83583
 -7.6250000   -1.10955  -20.98861  -10.47244
 -7.6093750   -1.13411  -20.84224  -10.11940
 -7.5937500   -1.15455  -20.69165   -9.76566
 -7.5781250   -1.17400  -20.53593   -9.42207
 -7.5625000   -1.19309  -20.37485   -9.08339
 -7.5468750   -1.20612  -20.21340   -8.74900
 -7.5312500   -1.22088  -20.04561   -8.42110
 -7.5156250   -1.23416  -19.87621   -8.09801
 -7.5000000   -1.24506  -19.70299   -7.78475
 -7.4843750   -1.25288  -19.52860   -7.47344
 -7.4687500   -1.26411  -19.35042   -7.17024
 -7.4531250   -1.27055  -19.17020   -6.87213
 -7.4375000   -1.27530  -18.98811   -6.58090
 -7.4218750   -1.28201  -18.80690   -6.29552
 -7.4062500   -1.28603  -18.62139   -6.01782
 -7.3906250   -1.28999  -18.43356   -5.74545
 -7.3750000   -1.29092  -18.24692   -5.48050
 -7.3593750   -1.29407  -18.05882   -5.22360
 -7.3437500   -1.29417  -17.86877   -4.97039
 -7.3281250   -1.29639  -17.67895   -4.72906
 -7.3125000   -1.29709  -17.48890   -4.48997
 -7.2968750   -1.29496  -17.29607   -4.26318
 -7.2812500   -1.29484  -17.10408   -4.03928
 -7.2656250   -1.29538  -16.91477   -3.82834
 -7.2500000   -1.29289  -16.72115   -3.62060
 -7.2343750   -1.29188  -16.53060   -3.42423
 -7.2187500   -1.29112  -16.33879   -3.23342
 -7.2031250   -1.28751  -16.14654   -3.05259
 -7.1875000   -1.28837  -15.95610   -2.87805
 -7.1718750   -1.28391  -15.76506   -2.71268
 -7.1562500   -1.28185  -15.57425   -2.54963
 -7.1406250   -1.28132  -15.38396   -2.39918
 -7.1250000   -1.27770  -15.19620   -2.25295
 -7.1093750   -1.27717  -15.00721   -2.11291
 -7.0937500   -1.27243  -14.81811   -1.97986
 -7.0781250   -1.27110  -14.63215   -1.85391
 -7.0625000   -1.26887  -14.44393   -1.73189
 -7.0468750   -1.26531  -14.25972   -1.61653
 -7.0312500   -1.26217  -14.07409   -1.50832
 -7.0156250   -1.26233  -13.89012   -1.40477
 -7.0000000   -1.25681  -13.70783   -1.30434
 -6.9843750   -1.25460  -13.52501   -1.21393
 -6.9687500   -1.25291  -13.34562   -1.12489
 -6.9531250   -1.25093  -13.16343   -1.04160
 -6.9375000   -1.24642  -12.98711   -0.96359
 -6.9218750   -1.24327  -12.80990   -0.88972
 -6.9062500   -1.24255  -12.63238   -0.81940
 -6.8906250   -1.23846  -12.45743   -0.75612
 -6.8750000   -1.23625  -12.28582   -0.69457
 -6.8593750   -1.23219  -12.11185   -0.63819
 -6.8437500   -1.23140  -11.94196   -0.58619
 -6.8281250   -1.22743  -11.77197   -0.53648
 -6.8125000   -1.22549  -11.60390   -0.49165
 -6.7968750   -1.22240  -11.43790   -0.45075
 -6.7812500   -1.21836  -11.27370   -0.41162
 -6.7656250   -1.21759  -11.11001   -0.37682
 -6.7500000   -1.21254  -10.94805   -0.34543
 -6.7343750   -1.21093  -10.78874   -0.31565
 -6.7187500   -1.20924  -10.62880   -0.29203
 -6.7031250   -1.20312  -10.47272   -0.26897
 -6.6875000   -1.20266  -10.31831   -0.24756
 -6.6718750   -1.19901  -10.16515   -0.22983
 -6.6562500   -1.19437  -10.01314   -0.21682
 -6.6406250   -1.19426   -9.86270   -0.20296
 -6.6250000   -1.18862   -9.71696   -0.19276
 -6.6093750   -1.18524   -9.57025   -0.18440
 -6.5937500   -1.18346   -9.42663   -0.17725
 -6.5781250   -1.17944   -9.28416   -0.17564
 -6.5625000   -1.17548   -9.14383   -0.17194
 -6.5468750   -1.17266   -9.00586   -0.17154
 -6.5312500   -1.16683   -8.87102   -0.17188
 -6.5156250   -1.16460   -8.73597   -0.17518
 -6.5000000   -1.16058   -8.60499   -0.17939
 -6.4843750   -1.15662   -8.47481   -0.18459
 -6.4687500   -1.15269   -8.34654   -0.19195
 -6.4531250   -1.14672   -8.22242   -0.19857
 -6.4375000   -1.14243   -8.09887   -0.20881
 -6.4218750   -1.13952   -7.97712   -0.21752
 -6.4062500   -1.13243   -7.86041   -0.22895
 -6.3906250   -1.12877   -7.74294   -0.23932
 -6.3750000   -1.12235   -7.62802   -0.25311
 -6.3593750   -1.11743   -7.51722   -0.26671
 -6.3437500   -1.11281   -7.40883   -0.27705
 -6.3281250   -1.10502   -7.29965   -0.29251
 -6.3125000   -1.09895   -7.19740   -0.30746
 -6.2968750   -1.09447   -7.09453   -0.31951
 -6.2812500   -1.08577   -6.99584   -0.33480
 -6.2656250   -1.07872   -6.89735   -0.35028
 -6.2500000   -1.07352   -6.80341   -0.36449
 -6.2343750   -1.06520   -6.71193   -0.37867
 -6.2187500   -1.05625   -6.62260   -0.39210
 -6.2031250   -1.05006   -6.53640   -0.40610
 -6.1875000   -1.03996   -6.45146   -0.41975
 -6.1718750   -1.03147   -6.37193   -0.43392
 -6.1562500   -1.02369   -6.29124   -0.44611
 -6.1406250   -1.01392   -6.21426   -0.45683
 -6.1250000   -1.00344   -6.14315   -0.47169
 -6.1093750   -0.99476   -6.06908   -0.48275
 -6.0937500   -0.98519   -6.00179   -0.49405
 -6.0781250   -0.97280   -5.93400   -0.50505
 -6.0625000   -0.96515   -5.86892   -0.51648
 -6.0468750   -0.95240   -5.80786   -0.52531
 -6.0312500   -0.94186   -5.74657   -0.53695
 -6.0156250   -0.92994   -5.69023   -0.54597
 -6.0000000   -0.92063   -5.63256   -0.55542
 -5.9843750   -0.90914   -5.57929   -0.56445
 -5.9687500   -0.89549   -5.52917   -0.57306
 -5.9531250   -0.88467   -5.47663   -0.58210
 -5.9375000   -0.87402   -5.42975   -0.58848
 -5.9218750   -0.85926   -5.38441   -0.59762
 -5.9062500   -0.85011   -5.33996   -0.60398
 -5.8906250   -0.83561   -5.29596   -0.60993
 -5.8750000   -0.82251   -5.25783   -0.61894
 -5.8593750   -0.81309   -5.21692   -0.62492
 -5.8437500   -0.79805   -5.18078   -0.62889
 -5.8281250   -0.78514   -5.14528   -0.63489
 -5.8125000   -0.77282   -5.11012   -0.64161
 -5.7968750   -0.76057   -5.07695   -0.64543
 -5.7812500   -0.74713   -5.04712   -0.65057
 -5.7656250   -0.73369   -5.01817   -0.65332
 -5.7500000   -0.72056   -4.98970   -0.65991
 -5.7343750   -0.70871   -4.96103   -0.66253
 -5.7187500   -0.69545   -4.93605   -0.66539
 -5.7031250   -0.68017   -4.91336   -0.66894
 -5.6875000   -0.67033   -4.88839   -0.67176
 -5.6718750   -0.65409   -4.86695   -0.67309
 -5.6562500   -0.64323   -4.84704   -0.67813
 -5.6406250   -0.63006   -4.82642   -0.67793
 -5.6250000   -0.61449   -4.80926   -0.67936
 -5.6093750   -0.60356   -4.78958   -0.68346
 -5.5937500   -0.59063   -4.77566   -0.68143
 -5.5781250   -0.57820   -4.75699   -0.68517
 -5.5625000   -0.56336   -4.74338   -0.68491
 -5.5468750   -0.55084   -4.72981   -0.68389
 -5.5312500   -0.53947   -4.71668   -0.68689
 -5.5156250   -0.52566   -4.70253   -0.68667
 -5.5000000   -0.51373   -4.69376   -0.68436
 -5.4843750   -0.50081   -4.68051   -0.68588
 -5.4687500   -0.48972   -4.67040   -0.68479
 -5.4531250   -0.47606   -4.66068   -0.68576
 -5.4375000   -0.46339   -4.65133   -0.68250
 -5.4218750   -0.45300   -4.64413   -0.68182
 -5.4062500   -0.44113   -4.63292   -0.68179
 -5.3906250   -0.42863   -4.62740   -0.68073
 -5.3750000   -0.41613   -4.61735   -0.67870
 -5.3593750   -0.40685   -4.61305   -0.67788
 -5.3437500   -0.39501   -4.60393   -0.67507
 -5.3281250   -0.38377   -4.59749   -0.67365
 -5.3125000   -0.37341   -4.59107   -0.67251
 -5.2968750   -0.36261   -4.58537   -0.67016
 -5.2812500   -0.35150   -4.57830   -0.66701
 -5.2656250   -0.34224   -4.57221   -0.66716
 -5.2500000   -0.33144   -4.56634   -0.66211
 -5.2343750   -0.32148   -4.56135   -0.66261
 -5.2187500   -0.31344   -4.55297   -0.65988
 -5.2031250   -0.30362   -4.54709   -0.65590
 -5.1875000   -0.29334   -4.54166   -0.65549
 -5.1718750   -0.28614   -4.53411   -0.65280
 -5.1562500   -0.27757   -4.52690   -0.64891
 -5.1406250   -0.27017   -4.52038   -0.64836
 -5.1250000   -0.25927   -4.51331   -0.64458
 -5.1093750   -0.25541   -4.50546   -0.64293
 -5.0937500   -0.24473   -4.49612   -0.64134
 -5.0781250   -0.24002   -4.48880   -0.63856
 -5.0625000   -0.23374   -4.47993   -0.63762
 -5.0468750   -0.22544   -4.46845   -0.63339
 -5.0312500   -0.21997   -4.45924   -0.63331
 -5.0156250   -0.21433   -4.44904   -0.62990
 -5.0000000   -0.21028   -4.43748   -0.62843
 -4.9843750   -0.20528   -4.42481   -0.62709
 -4.9687500   -0.19859   -4.41224   -0.62656
 -4.9531250   -0.19681   -4.39798   -0.62440
 -4.9375000   -0.19120   -4.38581   -0.62195
 -4.9218750   -0.18818   -4.36738   -0.62166
 -4.9062500   -0.18588   -4.35447   -0.62030
 -4.8906250   -0.18283   -4.33636   -0.62073
 -4.8750000   -0.18019   -4.31912   -0.61870
 -4.8593750   -0.17804   -4.30110   -0.61850
 -4.8437500   -0.17556   -4.28299   -0.61737
 -4.8281250   -0.17583   -4.26280   -0.61909
 -4.8125000   -0.17343   -4.24457   -0.61606
 -4.7968750   -0.17363   -4.22196   -0.61637
 -4.7812500   -0.17236   -4.20252   -0.61886
 -4.7656250   -0.17258   -4.18075   -0.61644
 -4.7500000   -0.17143   -4.15749   -0.61701
 -4.7343750   -0.17314   -4.13532   -0.61761
 -4.7187500   -0.17322   -4.11286   -0.61707
 -4.7031250   -0.17301   -4.08772   -0.61960
 -4.6875000   -0.17675   -4.06368   -0.61874
 -4.6718750   -0.17567   -4.04150   -0.62076
 -4.6562500   -0.17827   -4.01421   -0.62042
 -4.6406250   -0.17866   -3.98866   -0.62097
 -4.6250000   -0.18213   -3.96398   -0.62259
 -4.6093750   -0.18512   -3.93673   -0.62311
 -4.5937500   -0.18543   -3.91203   -0.62553
 -4.5781250   -0.18968   -3.88342   -0.62562
 -4.5625000   -0.19051   -3.85643   -0.62763
 -4.5468750   -0.19440   -3.83016   -0.62853
 -4.5312500   -0.19824   -3.80199   -0.63037
 -4.5156250   -0.20144   -3.77404   -0.63210
 -4.5000000   -0.20331   -3.74556   -0.63361
 -4.4843750   -0.20844   -3.71841   -0.63517
 -4.4687500   -0.21216   -3.68840   -0.63852
 -4.4531250   -0.21447   -3.66176   -0.63741
 -4.4375000   -0.21994   -3.63095   -0.64182
 -4.4218750   -0.22306   -3.60257   -0.64400
 -4.4062500   -0.22705   -3.57463   -0.64476
 -4.3906250   -0.23210   -3.54539   -0.64861
 -4.3750000   -0.23584   -3.51511   -0.64907
 -4.3593750   -0.24037   -3.48713   -0.65169
 -4.3437500   -0.24387   -3.45715   -0.65545
 -4.3281250   -0.24972   -3.42917   -0.65669
 -4.3125000   -0.25521   -3.39889   -0.65906
 -4.2968750   -0.25718   -3.36981   -0.66358
 -4.2812500   -0.26360   -3.34285   -0.66454
 -4.2656250   -0.26805   -3.31221   -0.66750
 -4.2500000   -0.27314   -3.28355   -0.67059
 -4.2343750   -0.27616   -3.25580   -0.67338
 -4.2187500   -0.28270   -3.22571   -0.67514
 -4.2031250   -0.28788   -3.19962   -0.68013
 -4.1875000   -0.28957   -3.16986   -0.68188
 -4.1718750   -0.29608   -3.14197   -0.68635
 -4.1562500   -0.30182   -3.11616   -0.68656
 -4.1406250   -0.30597   -3.08850   -0.69225
 -4.1250000   -0.30902   -3.06007   -0.69476
 -4.1093750   -0.31445   -3.03352   -0.69811
 -4.0937500   -0.31809   -3.00768   -0.70229
 -4.0781250   -0.32399   -2.98127   -0.70314
 -4.0625000   -0.32790   -2.95637   -0.70840
 -4.0468750   -0.33272   -2.93072   -0.71152
 -4.0312500   -0.33545   -2.90545   -0.71438
 -4.0156250   -0.33967   -2.88167   -0.71845
 -4.0000000   -0.34509   -2.85712   -0.72257
 -3.9843750   -0.34635   -2.83393   -0.72636
 -3.9687500   -0.35234   -2.81105   -0.72882
 -3.9531250   -0.35622   -2.78853   -0.73237
 -3.9375000   -0.35698   -2.76813   -0.73617
 -3.9218750   -0.36342   -2.74442   -0.74089
 -3.9062500   -0.36377   -2.72424   -0.74333
 -3.8906250   -0.36854   -2.70537   -0.74802
 -3.8750000   -0.37061   -2.68433   -0.75262
 -3.8593750   -0.37392   -2.66747   -0.75491
 -3.8437500   -0.37628   -2.64744   -0.76031
 -3.8281250   -0.37687   -2.63162   -0.76256
 -3.8125000   -0.38115   -2.61466   -0.76782
 -3.7968750   -0.38152   -2.59839   -0.77011
 -3.7812500   -0.38410   -2.58303   -0.77658
 -3.7656250   -0.38398   -2.56858   -0.77874
 -3.7500000   -0.38650   -2.55513   -0.78388
 -3.7343750   -0.38738   -2.54360   -0.78705
 -3.7187500   -0.38834   -2.53152   -0.79221
 -3.7031250   -0.38738   -2.52002   -0.79511
 -3.6875000   -0.38726   -2.51050   -0.79917
 -3.6718750   -0.38972   -2.50246   -0.80450
 -3.6562500   -0.38611   -2.49172   -0.80845
 -3.6406250   -0.38827   -2.48696   -0.81115
 -3.6250000   -0.38566   -2.47889   -0.81621
 -3.6093750   -0.38536   -2.47657   -0.82044
 -3.5937500   -0.38331   -2.46963   -0.82552
 -3.5781250   -0.38068   -2.46851   -0.82837
 -3.5625000   -0.38078   -2.46394   -0.83331
 -3.5468750   -0.37784   -2.46329   -0.83641
 -3.5312500   -0.37501   -2.46252   -0.84260
 -3.5156250   -0.37264   -2.46239   -0.84431
 -3.5000000   -0.36967   -2.46308   -0.84849
 -3.4843750   -0.36793   -2.46471   -0.85512
 -3.4687500   -0.36316   -2.46743   -0.85712
 -3.4531250   -0.36090   -2.47184   -0.86109
 -3.4375000   -0.35793   -2.47288   -0.86452
 -3.4218750   -0.35401   -2.48043   -0.87019
 -3.4062500   -0.35112   -2.48459   -0.87263
 -3.3906250   -0.34520   -2.48965   -0.87726
 -3.3750000   -0.34285   -2.49828   -0.88088
 -3.3593750   -0.33876   -2.50553   -0.88353
 -3.3437500   -0.33561   -2.51160   -0.88842
 -3.3281250   -0.33027   -2.52227   -0.89021
 -3.3125000   -0.32616   -2.53085   -0.89446
 -3.2968750   -0.32240   -2.54044   -0.89896
 -3.2812500   -0.31875   -2.55138   -0.90105
 -3.2656250   -0.31480   -2.56240   -0.90341
 -3.2500000   -0.30851   -2.57357   -0.90828
 -3.2343750   -0.30465   -2.58624   -0.90997
 -3.2187500   -0.30116   -2.59997   -0.91284
 -3.2031250   -0.29745   -2.61073   -0.91605
 -3.1875000   -0.29241   -2.62717   -0.91831
 -3.1718750   -0.28827   -2.63955   -0.92080
 -3.1562500   -0.28318   -2.65421   -0.92352
 -3.1406250   -0.28043   -2.66962   -0.92530
 -3.1250000   -0.27730   -2.68635   -0.92722
 -3.1093750   -0.27067   -2.70104   -0.92856
 -3.0937500   -0.26932   -2.71728   -0.93225
 -3.0781250   -0.26361   -2.73515   -0.93172
 -3.0625000   -0.26094   -2.75144   -0.93372
 -3.0468750   -0.25819   -2.77108   -0.93606
 -3.0312500   -0.25382   -2.78583   -0.93528
 -3.0156250   -0.25032   -2.80657   -0.93710
 -3.0000000   -0.24785   -2.82470   -0.93833
 -2.9843750   -0.24505   -2.84314   -0.93865
 -2.9687500   -0.24199   -2.86324   -0.93905
 -2.9531250   -0.24064   -2.88187   -0.93774
 -2.9375000   -0.23661   -2.90327   -0.93915
 -2.9218750   -0.23448   -2.92303   -0.93871
 -2.9062500   -0.23348   -2.94311   -0.93730
 -2.8906250   -0.23293   -2.96316   -0.93644
 -2.8750000   -0.22970   -2.98711   -0.93617
 -2.8593750   -0.23035   -3.00602   -0.93501
 -2.8437500   -0.22841   -3.02770   -0.93210
 -2.8281250   -0.22796   -3.05046   -0.93189
 -2.8125000   -0.22725   -3.07268   -0.92894
 -2.7968750   -0.22841   -3.09435   -0.92723
 -2.7812500   -0.22974   -3.11685   -0.92301
 -2.7656250   -0.22730   -3.14022   -0.92245
 -2.7500000   -0.23200   -3.16324   -0.91706
 -2.7343750   -0.23168   -3.18663   -0.91516
 -2.7187500   -0.23275   -3.20769   -0.90954
 -2.7031250   -0.23678   -3.23394   -0.90565
 -2.6875000   -0.23889   -3.25572   -0.90250
 -2.6718750   -0.24121   -3.28134   -0.89654
 -2.6562500   -0.24524   -3.30466   -0.89215
 -2.6406250   -0.24974   -3.32962   -0.88603
 -2.6250000   -0.25430   -3.35315   -0.87856
 -2.6093750   -0.25790   -3.37751   -0.87501
 -2.5937500   -0.26320   -3.40289   -0.86561
 -2.5781250   -0.27104   -3.42808   -0.86004
 -2.5625000   -0.27574   -3.45388   -0.85217
 -2.5468750   -0.28369   -3.47812   -0.84465
 -2.5312500   -0.28994   -3.50331   -0.83461
 -2.5156250   -0.29953   -3.53036   -0.82665
 -2.5000000   -0.30699   -3.55401   -0.81829
 -2.4843750   -0.31568   -3.58283   -0.80618
 -2.4687500   -0.32674   -3.60801   -0.79711
 -2.4531250   -0.33576   -3.63361   -0.78590
 -2.4375000   -0.34815   -3.66024   -0.77540
 -2.4218750   -0.35956   -3.68761   -0.76339
 -2.4062500   -0.37096   -3.71362   -0.75084
 -2.3906250   -0.38364   -3.74260   -0.73784
 -2.3750000   -0.39584   -3.77003   -0.72464
 -2.3593750   -0.41157   -3.79759   -0.71299
 -2.3437500   -0.42330   -3.82384   -0.69752
 -2.3281250   -0.43871   -3.85505   -0.68557
 -2.3125000   -0.45369   -3.88148   -0.66962
 -2.2968750   -0.46800   -3.91255   -0.65518
 -2.2812500   -0.48404   -3.94100   -0.64232
 -2.2656250   -0.49943   -3.97176   -0.62642
 -2.2500000   -0.51343   -4.00096   -0.61273
 -2.2343750   -0.53169   -4.03361   -0.59713
 -2.2187500   -0.54752   -4.06321   -0.58273
 -2.2031250   -0.56372   -4.09523   -0.56814
 -2.1875000   -0.57885   -4.12860   -0.55040
 -2.1718750   -0.59727   -4.16001   -0.53840
 -2.1562500   -0.61342   -4.19574   -0.52311
 -2.1406250   -0.63013   -4.22825   -0.50731
 -2.1250000   -0.64494   -4.26390   -0.49259
 -2.1093750   -0.66436   -4.29964   -0.47779
 -2.0937500   -0.68034   -4.33622   -0.46300
 -2.0781250   -0.69502   -4.37348   -0.45016
 -2.0625000   -0.71249   -4.41033   -0.43462
 -2.0468750   -0.73020   -4.44933   -0.41975
 -2.0312500   -0.74463   -4.49120   -0.40601
 -2.0156250   -0.76159   -4.53018   -0.39308
 -2.0000000   -0.77792   -4.57286   -0.37865
 -1.9843750   -0.79321   -4.61602   -0.36594
 -1.9687500   -0.80768   -4.65924   -0.35198
 -1.9531250   -0.82281   -4.70399   -0.34069
 -1.9375000   -0.83865   -4.75230   -0.32581
 -1.9218750   -0.85372   -4.79925   -0.31489
 -1.9062500   -0.86686   -4.84717   -0.30252
 -1.8906250   -0.88072   -4.89957   -0.28958
 -1.8750000   -0.89534   -4.95152   -0.27843
 -1.8593750   -0.90826   -5.00384   -0.26605
 -1.8437500   -0.92068   -5.05928   -0.25654
 -1.8281250   -0.93382   -5.11835   -0.24447
 -1.8125000   -0.94541   -5.17437   -0.23409
 -1.7968750   -0.95664   -5.23702   -0.22341
 -1.7812500   -0.96858   -5.29878   -0.21237
 -1.7656250   -0.97807   -5.36346   -0.20220
 -1.7500000   -0.98938   -5.43023   -0.19196
 -1.7343750   -0.99844   -5.49969   -0.18258
 -1.7187500   -1.00919   -5.56965   -0.17191
 -1.7031250   -1.01623   -5.64455   -0.16215
 -1.6875000   -1.02432   -5.72183   -0.15154
 -1.6718750   -1.03435   -5.79977   -0.14324
 -1.6562500   -1.03872   -5.88073   -0.13264
 -1.6406250   -1.04819   -5.96590   -0.12096
 -1.6250000   -1.05301   -6.05374   -0.11108
 -1.6093750   -1.05761   -6.14399   -0.10182
 -1.5937500   -1.06547   -6.23873   -0.09052
 -1.5781250   -1.06864   -6.33635   -0.07756
 -1.5625000   -1.07336   -6.43546   -0.06676
 -1.5468750   -1.07588   -6.53981   -0.05485
 -1.5312500   -1.08041   -6.65098   -0.04159
 -1.5156250   -1.08338   -6.76084   -0.02729
 -1.5000000   -1.08387   -6.87884   -0.01246
 -1.4843750   -1.08835   -6.99866    0.00181
 -1.4687500   -1.08799   -7.12430    0.01977
 -1.4531250   -1.08992   -7.25375    0.03773
 -1.4375000   -1.09025   -7.38629    0.05722
 -1.4218750   -1.09359   -7.52612    0.07818
 -1.4062500   -1.09246   -7.66487    0.10228
 -1.3906250   -1.09709   -7.81242    0.12716
 -1.3750000   -1.09672   -7.96139    0.15742
 -1.3593750   -1.10055   -8.11369    0.18625
 -1.3437500   -1.10338   -8.27071    0.22189
 -1.3281250   -1.10812   -8.42973    0.25962
 -1.3125000   -1.11539   -8.59683    0.30068
 -1.2968750   -1.12031   -8.76116    0.34596
 -1.2812500   -1.12828   -8.93278    0.39691
 -1.2656250   -1.13843   -9.10873    0.45066
 -1.2500000   -1.15108   -9.28508    0.51102
 -1.2343750   -1.16351   -9.46558    0.57731
 -1.2187500   -1.17874   -9.65251    0.64864
 -1.2031250   -1.19597   -9.83998    0.72742
 -1.1875000   -1.21878  -10.03210    0.81200
 -1.1718750   -1.24019  -10.22796    0.90666
 -1.1562500   -1.26727  -10.42727    1.00622
 -1.1406250   -1.29573  -10.63085    1.11739
 -1.1250000   -1.32926  -10.83762    1.23796
 -1.1093750   -1.36549  -11.05051    1.36656
 -1.0937500   -1.40698  -11.26607    1.50835
 -1.0781250   -1.45116  -11.48784    1.65834
 -1.0625000   -1.50082  -11.71058    1.82673
 -1.0468750   -1.55550  -11.94375    2.00322
 -1.0312500   -1.61442  -12.17898    2.19583
 -1.0156250   -1.67857  -12.41798    2.40461
 -1.0000000   -1.75167  -12.66725    2.63038
 -0.9843750   -1.82821  -12.91961    2.87123
 -0.9687500   -1.90999  -13.17942    3.13394
 -0.9531250   -2.00317  -13.44446    3.41621
 -0.9375000   -2.10050  -13.71922    3.71963
 -0.9218750   -2.20824  -13.99805    4.04709
 -0.9062500   -2.32146  -14.28984    4.39926
 -0.8906250   -2.44486  -14.58692    4.78039
 -0.8750000   -2.57892  -14.89083    5.18830
 -0.8593750   -2.72229  -15.20963    5.62997
 -0.8437500   -2.87591  -15.53288    6.10290
 -0.8281250   -3.04035  -15.87206    6.61535
 -0.8125000   -3.22061  -16.21687    7.16299
 -0.7968750   -3.40813  -16.57692    7.75678
 -0.7812500   -3.61292  -16.94949    8.38920
 -0.7656250   -3.82712  -17.33569    9.06129
 -0.7500000   -4.05280  -17.73840    9.76647
 -0.7343750   -4.28551  -18.16112   10.50255
 -0.7187500   -4.52994  -18.60083   11.26648
 -0.7031250   -4.78015  -19.06344   12.05283
 -0.6875000   -5.04007  -19.54890   12.86693
 -0.6718750   -5.30341  -20.06090   13.69997
 -0.6562500   -5.57600  -20.59705   14.55580
 -0.6406250   -5.85030  -21.16241   15.43324
 -0.6250000   -6.13496  -21.75254   16.33354
 -0.6093750   -6.41970  -22.37619   17.25851
 -0.5937500   -6.71410  -23.02591   18.20969
 -0.5781250   -7.01253  -23.70817   19.19560
 -0.5625000   -7.31508  -24.41416   20.22070
 -0.5468750   -7.62473  -25.14978   21.28847
 -0.5312500   -7.94271  -25.90433   22.40863
 -0.5156250   -8.26746  -26.68326   23.59948
 -0.5000000   -8.60156  -27.46950   24.86501
 -0.4843750   -8.94518  -28.26434   26.22284
 -0.4687500   -9.29842  -29.05326   27.69302
 -0.4531250   -9.66515  -29.82187   29.29664
 -0.4375000  -10.04846  -30.55240   31.05409
 -0.4218750  -10.44259  -31.22271   32.99569
 -0.4062500  -10.85297  -31.80443   35.14720
 -0.3906250  -11.28320  -32.25690   37.54811
 -0.3750000  -11.73063  -32.54731   40.23719
 -0.3593750  -12.21476  -32.67179   43.30404
 -0.3437500  -12.76145  -32.61951   46.84467
 -0.3281250  -13.37973  -32.37233   50.95599
 -0.3125000  -14.09293  -31.87805   55.72704
 -0.2968750  -14.90430  -31.06875   61.24066
 -0.2812500  -15.81755  -29.84861   67.57141
 -0.2656250  -16.82857  -28.08466   74.76047
 -0.2500000  -17.92091  -25.61410   82.82114
 -0.2343750  -19.06614  -22.24279   91.71486
 -0.2187500  -20.21286  -17.75384  101.33405
 -0.2031250  -21.30270  -11.91013  111.48142
 -0.1875000  -22.24694   -4.49487  121.84329
 -0.1718750  -22.94958    4.66015  131.97759
 -0.1562500  -23.29215   15.60795  141.30180
 -0.1406250  -23.16109   28.28624  149.09922
 -0.1250000  -22.40330   42.57399  154.51740
 -0.1093750  -20.90097   58.10306  156.70791
 -0.0937500  -18.61720   74.19563  154.97605
 -0.0781250  -15.58495   89.92442  148.91482
 -0.0625000  -11.94130  104.23813  138.51822
 -0.0468750   -7.89575  116.14796  124.22403
 -0.0312500   -3.68458  124.91079  106.86753
 -0.0156250    0.44111  130.17484   87.52673
  0.0000000    4.29728  132.00917   67.34985
