# time[~Gyr] x y z[kpc] vx vy vz[km/s]
-5 17.2937 333.742 216.968 7.36316 23.4326 -38.2307
-4.99219 17.3512 333.925 216.669 7.35337 23.2506 -38.3451
-4.98438 17.4086 334.105 216.369 7.34355 23.0686 -38.4593
-4.97656 17.466 334.285 216.068 7.33371 22.8865 -38.5734
-4.96875 17.5232 334.463 215.766 7.32383 22.7043 -38.6873
-4.96094 17.5804 334.64 215.463 7.31396 22.522 -38.8013
-4.95312 17.6375 334.815 215.16 7.30413 22.3399 -38.9155
-4.94531 17.6945 334.989 214.855 7.29429 22.1577 -39.0297
-4.9375 17.7515 335.161 214.55 7.28439 21.9753 -39.1435
-4.92969 17.8083 335.332 214.243 7.27442 21.7928 -39.2571
-4.92188 17.8651 335.502 213.936 7.26441 21.6101 -39.3705
-4.91406 17.9218 335.67 213.628 7.25437 21.4272 -39.4838
-4.90625 17.9785 335.837 213.319 7.2443 21.2443 -39.5969
-4.89844 18.035 336.002 213.01 7.2342 21.0613 -39.7099
-4.89062 18.0915 336.166 212.699 7.22407 20.8782 -39.8228
-4.88281 18.1479 336.328 212.387 7.21392 20.6949 -39.9356
-4.875 18.2042 336.489 212.075 7.20373 20.5115 -40.0483
-4.86719 18.2605 336.648 211.762 7.19352 20.3281 -40.1608
-4.85938 18.3166 336.807 211.447 7.18328 20.1445 -40.2732
-4.85156 18.3727 336.963 211.132 7.17301 19.9608 -40.3855
-4.84375 18.4287 337.118 210.816 7.16271 19.777 -40.4976
-4.83594 18.4846 337.272 210.5 7.15239 19.5931 -40.6096
-4.82812 18.5405 337.425 210.182 7.14204 19.4091 -40.7215
-4.82031 18.5962 337.576 209.863 7.13166 19.225 -40.8333
-4.8125 18.6519 337.725 209.544 7.12125 19.0407 -40.945
-4.80469 18.7075 337.873 209.224 7.11081 18.8563 -41.0565
-4.79688 18.763 338.02 208.902 7.10034 18.6718 -41.1679
-4.78906 18.8184 338.165 208.58 7.08985 18.4872 -41.2792
-4.78125 18.8738 338.308 208.257 7.07932 18.3025 -41.3904
-4.77344 18.929 338.451 207.934 7.06877 18.1176 -41.5015
-4.76562 18.9842 338.592 207.609 7.05819 17.9326 -41.6124
-4.75781 19.0393 338.731 207.283 7.04759 17.7475 -41.7232
-4.75 19.0943 338.869 206.957 7.03695 17.5622 -41.8339
-4.74219 19.1493 339.005 206.63 7.02629 17.3768 -41.9445
-4.73438 19.2041 339.14 206.302 7.0156 17.1913 -42.055
-4.72656 19.2589 339.274 205.973 7.00488 17.0056 -42.1654
-4.71875 19.3136 339.406 205.643 6.99413 16.8198 -42.2756
-4.71094 19.3682 339.537 205.312 6.98336 16.6339 -42.3857
-4.70312 19.4227 339.666 204.98 6.97256 16.4478 -42.4957
-4.69531 19.4771 339.794 204.648 6.96173 16.2616 -42.6056
-4.6875 19.5315 339.92 204.315 6.95087 16.0753 -42.7154
-4.67969 19.5857 340.045 203.981 6.93999 15.8888 -42.8251
-4.67188 19.6399 340.168 203.646 6.92907 15.7022 -42.9346
-4.66406 19.694 340.29 203.31 6.91813 15.5154 -43.044
-4.65625 19.748 340.411 202.973 6.90717 15.3285 -43.1534
-4.64844 19.8019 340.53 202.635 6.89617 15.1414 -43.2626
-4.64062 19.8558 340.647 202.297 6.88515 14.9542 -43.3717
-4.63281 19.9095 340.763 201.958 6.8741 14.7668 -43.4806
-4.625 19.9632 340.878 201.618 6.86302 14.5793 -43.5895
-4.61719 20.0167 340.991 201.277 6.85192 14.3916 -43.6982
-4.60938 20.0702 341.103 200.935 6.84078 14.2038 -43.8069
-4.60156 20.1236 341.213 200.592 6.82962 14.0159 -43.9154
-4.59375 20.1769 341.322 200.249 6.81844 13.8277 -44.0238
-4.58594 20.2302 341.429 199.904 6.80722 13.6394 -44.1321
-4.57812 20.2833 341.535 199.559 6.79598 13.451 -44.2403
-4.57031 20.3364 341.639 199.213 6.78471 13.2624 -44.3484
-4.5625 20.3893 341.742 198.866 6.77341 13.0736 -44.4563
-4.55469 20.4422 341.844 198.518 6.76209 12.8847 -44.5642
-4.54688 20.495 341.944 198.17 6.75074 12.6956 -44.6719
-4.53906 20.5477 342.042 197.82 6.73936 12.5063 -44.7796
-4.53125 20.6003 342.139 197.47 6.72795 12.3169 -44.8871
-4.52344 20.6528 342.235 197.119 6.71652 12.1273 -44.9945
-4.51562 20.7052 342.329 196.767 6.70506 11.9375 -45.1018
-4.50781 20.7576 342.421 196.414 6.69357 11.7476 -45.209
-4.5 20.8098 342.512 196.061 6.68205 11.5575 -45.3161
-4.49219 20.862 342.602 195.706 6.67051 11.3672 -45.4231
-4.48438 20.914 342.69 195.351 6.65894 11.1767 -45.53
-4.47656 20.966 342.776 194.995 6.64734 10.9861 -45.6367
-4.46875 21.0179 342.861 194.638 6.63572 10.7953 -45.7434
-4.46094 21.0697 342.945 194.28 6.62407 10.6043 -45.8499
-4.45312 21.1214 343.027 193.922 6.61239 10.4131 -45.9563
-4.44531 21.173 343.108 193.562 6.60068 10.2218 -46.0627
-4.4375 21.2245 343.187 193.202 6.58894 10.0302 -46.1689
-4.42969 21.276 343.264 192.841 6.57718 9.83848 -46.275
-4.42188 21.3273 343.34 192.479 6.56539 9.64656 -46.381
-4.41406 21.3786 343.415 192.116 6.55358 9.45445 -46.4869
-4.40625 21.4297 343.488 191.752 6.54173 9.26215 -46.5927
-4.39844 21.4808 343.56 191.388 6.52986 9.06967 -46.6984
-4.39062 21.5317 343.63 191.023 6.51796 8.87698 -46.8039
-4.38281 21.5826 343.699 190.657 6.50604 8.68411 -46.9094
-4.375 21.6334 343.766 190.29 6.49408 8.49103 -47.0148
-4.36719 21.6841 343.831 189.922 6.4821 8.29776 -47.12
-4.35938 21.7347 343.895 189.554 6.47009 8.10429 -47.2252
-4.35156 21.7852 343.958 189.184 6.45806 7.91062 -47.3302
-4.34375 21.8356 344.019 188.814 6.446 7.71675 -47.4352
-4.33594 21.8859 344.078 188.443 6.4339 7.52267 -47.54
-4.32812 21.9361 344.136 188.071 6.42178 7.32838 -47.6447
-4.32031 21.9862 344.193 187.699 6.40964 7.13389 -47.7494
-4.3125 22.0363 344.248 187.325 6.39746 6.93919 -47.8539
-4.30469 22.0862 344.301 186.951 6.38526 6.74428 -47.9583
-4.29688 22.136 344.353 186.576 6.37303 6.54916 -48.0626
-4.28906 22.1858 344.404 186.2 6.36077 6.35383 -48.1668
-4.28125 22.2354 344.453 185.823 6.34849 6.15828 -48.2709
-4.27344 22.285 344.5 185.446 6.33618 5.96251 -48.3749
-4.26562 22.3344 344.546 185.067 6.32384 5.76653 -48.4788
-4.25781 22.3838 344.59 184.688 6.31147 5.57032 -48.5826
-4.25 22.433 344.633 184.308 6.29907 5.3739 -48.6863
-4.24219 22.4822 344.674 183.927 6.28664 5.17725 -48.7899
-4.23438 22.5313 344.714 183.546 6.27419 4.98038 -48.8933
-4.22656 22.5802 344.752 183.163 6.26171 4.78328 -48.9967
-4.21875 22.6291 344.788 182.78 6.2492 4.58595 -49.1
-4.21094 22.6779 344.823 182.396 6.23666 4.38839 -49.2031
-4.20312 22.7266 344.857 182.012 6.2241 4.1906 -49.3062
-4.19531 22.7751 344.889 181.626 6.2115 3.99258 -49.4092
-4.1875 22.8236 344.919 181.239 6.19888 3.79432 -49.512
-4.17969 22.872 344.948 180.852 6.18623 3.59583 -49.6148
-4.17188 22.9203 344.975 180.464 6.17355 3.3971 -49.7174
-4.16406 22.9684 345.001 180.075 6.16084 3.19813 -49.82
-4.15625 23.0165 345.025 179.686 6.14811 2.99892 -49.9224
-4.14844 23.0645 345.048 179.295 6.13534 2.79946 -50.0247
-4.14062 23.1124 345.069 178.904 6.12255 2.59976 -50.127
-4.13281 23.1602 345.089 178.512 6.10972 2.39982 -50.2291
-4.125 23.2079 345.107 178.119 6.09687 2.19962 -50.3311
-4.11719 23.2554 345.123 177.726 6.08399 1.99917 -50.4331
-4.10938 23.3029 345.138 177.331 6.07108 1.79848 -50.5349
-4.10156 23.3503 345.151 176.936 6.05814 1.59753 -50.6366
-4.09375 23.3976 345.163 176.54 6.04517 1.39632 -50.7382
-4.08594 23.4448 345.173 176.143 6.03218 1.19486 -50.8397
-4.07812 23.4918 345.182 175.746 6.01915 0.993133 -50.9412
-4.07031 23.5388 345.189 175.347 6.00609 0.791149 -51.0425
-4.0625 23.5857 345.194 174.948 5.99301 0.588903 -51.1437
-4.05469 23.6324 345.198 174.548 5.97989 0.386392 -51.2448
-4.04688 23.6791 345.2 174.148 5.96675 0.183614 -51.3458
-4.03906 23.7257 345.201 173.746 5.95357 -0.0194311 -51.4467
-4.03125 23.7721 345.2 173.344 5.94037 -0.222747 -51.5475
-4.02344 23.8185 345.197 172.941 5.92713 -0.426334 -51.6482
-4.01562 23.8647 345.193 172.537 5.91387 -0.630196 -51.7488
-4.00781 23.9109 345.187 172.132 5.90057 -0.834333 -51.8493
-4 23.9569 345.18 171.727 5.88725 -1.03875 -51.9497
-3.99219 24.0029 345.171 171.32 5.87389 -1.24344 -52.0499
-3.98438 24.0487 345.161 170.913 5.86051 -1.44842 -52.1501
-3.97656 24.0945 345.148 170.505 5.84709 -1.65368 -52.2502
-3.96875 24.1401 345.135 170.097 5.83365 -1.85922 -52.3502
-3.96094 24.1856 345.119 169.687 5.82017 -2.06505 -52.4501
-3.95312 24.231 345.102 169.277 5.80666 -2.27117 -52.5498
-3.94531 24.2763 345.084 168.866 5.79312 -2.47758 -52.6495
-3.9375 24.3215 345.064 168.455 5.77955 -2.68429 -52.7491
-3.92969 24.3666 345.042 168.042 5.76595 -2.89129 -52.8485
-3.92188 24.4116 345.019 167.629 5.75231 -3.09858 -52.9479
-3.91406 24.4565 344.994 167.215 5.73865 -3.30618 -53.0471
-3.90625 24.5013 344.967 166.8 5.72495 -3.51407 -53.1463
-3.89844 24.546 344.939 166.384 5.71123 -3.72227 -53.2454
-3.89062 24.5905 344.909 165.968 5.69747 -3.93078 -53.3443
-3.88281 24.635 344.877 165.551 5.68367 -4.13959 -53.4432
-3.875 24.6793 344.844 165.133 5.66985 -4.34871 -53.5419
-3.86719 24.7236 344.809 164.714 5.656 -4.55814 -53.6405
-3.85938 24.7677 344.773 164.295 5.64211 -4.76789 -53.7391
-3.85156 24.8117 344.735 163.875 5.62819 -4.97795 -53.8375
-3.84375 24.8557 344.695 163.454 5.61423 -5.18833 -53.9358
-3.83594 24.8995 344.654 163.032 5.60025 -5.39903 -54.0341
-3.82812 24.9432 344.611 162.609 5.58623 -5.61005 -54.1322
-3.82031 24.9868 344.566 162.186 5.57218 -5.8214 -54.2302
-3.8125 25.0302 344.52 161.762 5.55809 -6.03307 -54.3281
-3.80469 25.0736 344.472 161.337 5.54397 -6.24506 -54.4259
-3.79688 25.1169 344.422 160.912 5.52982 -6.45739 -54.5236
-3.78906 25.16 344.371 160.485 5.51563 -6.67006 -54.6212
-3.78125 25.203 344.318 160.058 5.50142 -6.88305 -54.7187
-3.77344 25.246 344.263 159.63 5.48716 -7.09639 -54.8161
-3.76562 25.2888 344.207 159.202 5.47287 -7.31006 -54.9134
-3.75781 25.3315 344.149 158.772 5.45855 -7.52408 -55.0106
-3.75 25.3741 344.089 158.342 5.4442 -7.73843 -55.1077
-3.74219 25.4165 344.028 157.911 5.4298 -7.95314 -55.2047
-3.73438 25.4589 343.965 157.48 5.41538 -8.16819 -55.3015
-3.72656 25.5012 343.901 157.047 5.40092 -8.3836 -55.3983
-3.71875 25.5433 343.834 156.614 5.38642 -8.59935 -55.495
-3.71094 25.5853 343.766 156.18 5.37189 -8.81547 -55.5915
-3.70312 25.6272 343.696 155.745 5.35732 -9.03194 -55.688
-3.69531 25.669 343.625 155.31 5.34272 -9.24876 -55.7843
-3.6875 25.7107 343.552 154.874 5.32808 -9.46596 -55.8805
-3.67969 25.7523 343.477 154.437 5.3134 -9.68351 -55.9767
-3.67188 25.7937 343.401 153.999 5.29869 -9.90144 -56.0727
-3.66406 25.8351 343.322 153.561 5.28395 -10.1197 -56.1686
-3.65625 25.8763 343.242 153.121 5.26916 -10.3384 -56.2644
-3.64844 25.9174 343.161 152.682 5.25434 -10.5574 -56.3601
-3.64062 25.9584 343.078 152.241 5.23948 -10.7769 -56.4557
-3.63281 25.9993 342.992 151.799 5.22458 -10.9967 -56.5512
-3.625 26.04 342.906 151.357 5.20965 -11.2168 -56.6466
-3.61719 26.0807 342.817 150.914 5.19468 -11.4374 -56.7418
-3.60938 26.1212 342.727 150.471 5.17967 -11.6583 -56.837
-3.60156 26.1616 342.635 150.026 5.16462 -11.8797 -56.9321
-3.59375 26.2019 342.541 149.581 5.14954 -12.1014 -57.027
-3.58594 26.2421 342.446 149.135 5.13441 -12.3235 -57.1218
-3.57812 26.2821 342.349 148.689 5.11925 -12.5461 -57.2166
-3.57031 26.322 342.25 148.241 5.10405 -12.769 -57.3112
-3.5625 26.3619 342.149 147.793 5.0888 -12.9923 -57.4057
-3.55469 26.4016 342.047 147.344 5.07352 -13.216 -57.5001
-3.54688 26.4411 341.943 146.895 5.0582 -13.4402 -57.5944
-3.53906 26.4806 341.837 146.444 5.04284 -13.6647 -57.6886
-3.53125 26.5199 341.729 145.993 5.02744 -13.8897 -57.7826
-3.52344 26.5591 341.62 145.541 5.01199 -14.115 -57.8766
-3.51562 26.5982 341.509 145.089 4.99651 -14.3408 -57.9704
-3.50781 26.6372 341.396 144.636 4.98098 -14.5671 -58.0642
-3.5 26.6761 341.281 144.182 4.96542 -14.7937 -58.1578
-3.49219 26.7148 341.165 143.727 4.94981 -15.0208 -58.2513
-3.48438 26.7534 341.046 143.272 4.93416 -15.2482 -58.3447
-3.47656 26.7919 340.926 142.815 4.91847 -15.4762 -58.438
-3.46875 26.8303 340.805 142.358 4.90273 -15.7045 -58.5312
-3.46094 26.8685 340.681 141.901 4.88696 -15.9333 -58.6242
-3.45312 26.9066 340.556 141.442 4.87114 -16.1626 -58.7172
-3.44531 26.9446 340.428 140.983 4.85527 -16.3923 -58.81
-3.4375 26.9825 340.3 140.523 4.83937 -16.6224 -58.9027
-3.42969 27.0202 340.169 140.063 4.82342 -16.853 -58.9953
-3.42188 27.0579 340.036 139.602 4.80742 -17.084 -59.0878
-3.41406 27.0953 339.902 139.14 4.79138 -17.3155 -59.1802
-3.40625 27.1327 339.766 138.677 4.7753 -17.5474 -59.2724
-3.39844 27.17 339.628 138.214 4.75917 -17.7798 -59.3646
-3.39062 27.2071 339.488 137.749 4.74299 -18.0127 -59.4566
-3.38281 27.2441 339.346 137.285 4.72677 -18.246 -59.5485
-3.375 27.2809 339.203 136.819 4.7105 -18.4798 -59.6403
-3.36719 27.3177 339.057 136.353 4.69419 -18.7141 -59.7319
-3.35938 27.3543 338.91 135.886 4.67783 -18.9489 -59.8235
-3.35156 27.3908 338.761 135.418 4.66142 -19.1841 -59.9149
-3.34375 27.4271 338.611 134.95 4.64496 -19.4198 -60.0062
-3.33594 27.4633 338.458 134.48 4.62846 -19.656 -60.0974
-3.32812 27.4994 338.303 134.01 4.61191 -19.8927 -60.1885
-3.32031 27.5354 338.147 133.54 4.59531 -20.1299 -60.2794
-3.3125 27.5712 337.989 133.069 4.57866 -20.3676 -60.3703
-3.30469 27.6069 337.829 132.597 4.56196 -20.6058 -60.461
-3.29688 27.6425 337.667 132.124 4.54522 -20.8445 -60.5515
-3.28906 27.678 337.503 131.651 4.52842 -21.0837 -60.642
-3.28125 27.7133 337.338 131.176 4.51157 -21.3234 -60.7323
-3.27344 27.7485 337.17 130.702 4.49467 -21.5636 -60.8226
-3.26562 27.7835 337.001 130.226 4.47772 -21.8043 -60.9127
-3.25781 27.8184 336.829 129.75 4.46072 -22.0456 -61.0026
-3.25 27.8532 336.656 129.273 4.44367 -22.2873 -61.0925
-3.24219 27.8878 336.481 128.795 4.42657 -22.5296 -61.1822
-3.23438 27.9224 336.304 128.317 4.40941 -22.7724 -61.2718
-3.22656 27.9567 336.125 127.838 4.3922 -23.0158 -61.3612
-3.21875 27.991 335.944 127.358 4.37493 -23.2597 -61.4506
-3.21094 28.0251 335.762 126.878 4.35761 -23.5041 -61.5398
-3.20312 28.0591 335.577 126.397 4.34024 -23.7491 -61.6289
-3.19531 28.0929 335.391 125.915 4.32281 -23.9946 -61.7178
-3.1875 28.1266 335.202 125.432 4.30533 -24.2407 -61.8066
-3.17969 28.1602 335.012 124.949 4.28779 -24.4873 -61.8953
-3.17188 28.1936 334.82 124.465 4.2702 -24.7345 -61.9839
-3.16406 28.2269 334.625 123.981 4.25255 -24.9823 -62.0723
-3.15625 28.2601 334.429 123.495 4.23484 -25.2306 -62.1606
-3.14844 28.2931 334.231 123.009 4.21707 -25.4795 -62.2488
-3.14062 28.326 334.031 122.523 4.19925 -25.7289 -62.3368
-3.13281 28.3587 333.829 122.035 4.18137 -25.9789 -62.4247
-3.125 28.3913 333.625 121.547 4.16343 -26.2296 -62.5124
-3.11719 28.4237 333.419 121.059 4.14543 -26.4808 -62.6001
-3.10938 28.4561 333.212 120.569 4.12737 -26.7325 -62.6875
-3.10156 28.4882 333.002 120.079 4.10925 -26.9849 -62.7749
-3.09375 28.5203 332.79 119.588 4.09107 -27.2379 -62.8621
-3.08594 28.5522 332.576 119.097 4.07282 -27.4915 -62.9492
-3.07812 28.5839 332.36 118.605 4.05452 -27.7457 -63.0361
-3.07031 28.6155 332.143 118.112 4.03615 -28.0005 -63.1229
-3.0625 28.647 331.923 117.618 4.01772 -28.2559 -63.2096
-3.05469 28.6783 331.701 117.124 3.99923 -28.5119 -63.2961
-3.04688 28.7095 331.477 116.629 3.98067 -28.7685 -63.3824
-3.03906 28.7405 331.252 116.134 3.96205 -29.0258 -63.4687
-3.03125 28.7714 331.024 115.638 3.94336 -29.2837 -63.5548
-3.02344 28.8021 330.794 115.141 3.92461 -29.5422 -63.6407
-3.01562 28.8327 330.562 114.643 3.90579 -29.8014 -63.7265
-3.00781 28.8631 330.328 114.145 3.8869 -30.0612 -63.8121
-3 28.8934 330.092 113.646 3.86795 -30.3217 -63.8976
-2.99219 28.9236 329.855 113.147 3.84893 -30.5828 -63.983
-2.98438 28.9536 329.615 112.646 3.82984 -30.8446 -64.0682
-2.97656 28.9834 329.373 112.146 3.81068 -31.107 -64.1532
-2.96875 29.0131 329.129 111.644 3.79145 -31.3701 -64.2381
-2.96094 29.0426 328.882 111.142 3.77215 -31.6338 -64.3229
-2.95312 29.072 328.634 110.639 3.75278 -31.8983 -64.4075
-2.94531 29.1013 328.384 110.136 3.73334 -32.1634 -64.4919
-2.9375 29.1304 328.132 109.631 3.71382 -32.4292 -64.5762
-2.92969 29.1593 327.877 109.127 3.69423 -32.6957 -64.6603
-2.92188 29.1881 327.621 108.621 3.67457 -32.9629 -64.7443
-2.91406 29.2167 327.362 108.115 3.65484 -33.2307 -64.8281
-2.90625 29.2452 327.102 107.608 3.63503 -33.4993 -64.9118
-2.89844 29.2735 326.839 107.101 3.61514 -33.7686 -64.9953
-2.89062 29.3017 326.574 106.593 3.59518 -34.0386 -65.0786
-2.88281 29.3297 326.307 106.084 3.57514 -34.3093 -65.1618
-2.875 29.3576 326.038 105.574 3.55502 -34.5808 -65.2448
-2.86719 29.3852 325.767 105.064 3.53483 -34.8529 -65.3277
-2.85938 29.4128 325.493 104.554 3.51456 -35.1258 -65.4104
-2.85156 29.4402 325.218 104.042 3.4942 -35.3995 -65.4929
-2.84375 29.4674 324.94 103.53 3.47377 -35.6738 -65.5752
-2.83594 29.4944 324.66 103.018 3.45325 -35.949 -65.6574
-2.82812 29.5213 324.378 102.504 3.43265 -36.2248 -65.7394
-2.82031 29.5481 324.094 101.991 3.41197 -36.5015 -65.8213
-2.8125 29.5746 323.808 101.476 3.39121 -36.7789 -65.9029
-2.80469 29.6011 323.52 100.961 3.37036 -37.057 -65.9844
-2.79688 29.6273 323.229 100.445 3.34942 -37.336 -66.0657
-2.78906 29.6534 322.936 99.9285 3.3284 -37.6157 -66.1469
-2.78125 29.6793 322.641 99.4114 3.3073 -37.8962 -66.2278
-2.77344 29.7051 322.344 98.8937 3.2861 -38.1775 -66.3086
-2.76562 29.7307 322.045 98.3754 3.26482 -38.4596 -66.3892
-2.75781 29.7561 321.743 97.8564 3.24345 -38.7425 -66.4697
-2.75 29.7813 321.439 97.3368 3.22198 -39.0262 -66.5499
-2.74219 29.8064 321.133 96.8165 3.20043 -39.3108 -66.63
-2.73438 29.8313 320.825 96.2957 3.17878 -39.5961 -66.7098
-2.72656 29.8561 320.515 95.7742 3.15705 -39.8823 -66.7895
-2.71875 29.8807 320.202 95.2521 3.13521 -40.1693 -66.869
-2.71094 29.9051 319.887 94.7294 3.11329 -40.4571 -66.9483
-2.70312 29.9293 319.57 94.206 3.09126 -40.7458 -67.0274
-2.69531 29.9534 319.25 93.6821 3.06915 -41.0353 -67.1063
-2.6875 29.9773 318.929 93.1575 3.04693 -41.3257 -67.1851
-2.67969 30.001 318.605 92.6323 3.02462 -41.617 -67.2636
-2.67188 30.0245 318.279 92.1065 3.0022 -41.9091 -67.3419
-2.66406 30.0479 317.95 91.5801 2.97969 -42.2021 -67.4201
-2.65625 30.0711 317.619 91.0531 2.95707 -42.496 -67.498
-2.64844 30.0941 317.286 90.5254 2.93436 -42.7907 -67.5757
-2.64062 30.1169 316.95 89.9972 2.91154 -43.0864 -67.6532
-2.63281 30.1396 316.613 89.4683 2.88861 -43.383 -67.7305
-2.625 30.1621 316.273 88.9389 2.86558 -43.6804 -67.8076
-2.61719 30.1844 315.93 88.4089 2.84245 -43.9788 -67.8845
-2.60938 30.2065 315.585 87.8782 2.8192 -44.2781 -67.9612
-2.60156 30.2284 315.238 87.347 2.79585 -44.5784 -68.0377
-2.59375 30.2502 314.889 86.8151 2.77239 -44.8795 -68.114
-2.58594 30.2717 314.537 86.2827 2.74882 -45.1816 -68.19
-2.57812 30.2931 314.183 85.7496 2.72513 -45.4847 -68.2658
-2.57031 30.3143 313.826 85.216 2.70133 -45.7887 -68.3414
-2.5625 30.3353 313.467 84.6818 2.67742 -46.0937 -68.4168
-2.55469 30.3562 313.106 84.147 2.6534 -46.3996 -68.4919
-2.54688 30.3768 312.742 83.6116 2.62925 -46.7065 -68.5669
-2.53906 30.3972 312.376 83.0757 2.60499 -47.0145 -68.6415
-2.53125 30.4175 312.008 82.5391 2.58062 -47.3234 -68.716
-2.52344 30.4376 311.637 82.002 2.55612 -47.6333 -68.7902
-2.51562 30.4574 311.264 81.4643 2.5315 -47.9442 -68.8642
-2.50781 30.4771 310.888 80.926 2.50675 -48.2561 -68.938
-2.5 30.4966 310.51 80.3871 2.48189 -48.569 -69.0115
-2.49219 30.5159 310.129 79.8477 2.4569 -48.883 -69.0848
-2.48438 30.535 309.746 79.3077 2.43178 -49.198 -69.1578
-2.47656 30.5539 309.36 78.7671 2.40653 -49.5141 -69.2306
-2.46875 30.5726 308.972 78.2259 2.38116 -49.8312 -69.3031
-2.46094 30.5911 308.582 77.6842 2.35565 -50.1494 -69.3754
-2.45312 30.6094 308.189 77.1419 2.33002 -50.4686 -69.4474
-2.44531 30.6275 307.793 76.5991 2.30425 -50.789 -69.5192
-2.4375 30.6454 307.395 76.0557 2.27835 -51.1104 -69.5907
-2.42969 30.6631 306.994 75.5117 2.25231 -51.4329 -69.6619
-2.42188 30.6806 306.591 74.9672 2.22613 -51.7565 -69.7329
-2.41406 30.6979 306.186 74.4222 2.19982 -52.0812 -69.8036
-2.40625 30.715 305.778 73.8766 2.17336 -52.4071 -69.874
-2.39844 30.7318 305.367 73.3304 2.14676 -52.7341 -69.9442
-2.39062 30.7485 304.954 72.7837 2.12002 -53.0622 -70.0141
-2.38281 30.765 304.538 72.2364 2.09314 -53.3914 -70.0837
-2.375 30.7812 304.119 71.6886 2.06611 -53.7219 -70.153
-2.36719 30.7972 303.698 71.1403 2.03893 -54.0535 -70.2221
-2.35938 30.8131 303.275 70.5914 2.0116 -54.3862 -70.2908
-2.35156 30.8287 302.849 70.042 1.98412 -54.7202 -70.3593
-2.34375 30.8441 302.42 69.492 1.95649 -55.0553 -70.4275
-2.33594 30.8592 301.988 68.9416 1.9287 -55.3917 -70.4953
-2.32812 30.8742 301.554 68.3906 1.90076 -55.7293 -70.5629
-2.32031 30.8889 301.118 67.839 1.87266 -56.0681 -70.6302
-2.3125 30.9035 300.678 67.287 1.8444 -56.4081 -70.6972
-2.30469 30.9178 300.236 66.7344 1.81598 -56.7494 -70.7638
-2.29688 30.9318 299.791 66.1813 1.7874 -57.0919 -70.8302
-2.28906 30.9457 299.344 65.6277 1.75865 -57.4357 -70.8962
-2.28125 30.9593 298.894 65.0735 1.72974 -57.7807 -70.9619
-2.27344 30.9727 298.441 64.5189 1.70065 -58.1271 -71.0273
-2.26562 30.9859 297.986 63.9637 1.6714 -58.4747 -71.0924
-2.25781 30.9988 297.528 63.4081 1.64197 -58.8237 -71.1571
-2.25 31.0115 297.067 62.8519 1.61238 -59.1739 -71.2215
-2.24219 31.024 296.603 62.2952 1.5826 -59.5255 -71.2855
-2.23438 31.0363 296.137 61.7381 1.55265 -59.8785 -71.3492
-2.22656 31.0483 295.667 61.1804 1.52252 -60.2327 -71.4126
-2.21875 31.0601 295.195 60.6222 1.4922 -60.5884 -71.4756
-2.21094 31.0716 294.721 60.0636 1.4617 -60.9454 -71.5383
-2.20312 31.0829 294.243 59.5045 1.43102 -61.3038 -71.6006
-2.19531 31.094 293.763 58.9448 1.40015 -61.6636 -71.6625
-2.1875 31.1048 293.28 58.3847 1.36908 -62.0248 -71.7241
-2.17969 31.1153 292.794 57.8241 1.33783 -62.3874 -71.7853
-2.17188 31.1257 292.305 57.2631 1.30638 -62.7514 -71.8461
-2.16406 31.1358 291.813 56.7016 1.27473 -63.1169 -71.9066
-2.15625 31.1456 291.319 56.1395 1.24289 -63.4839 -71.9666
-2.14844 31.1552 290.821 55.5771 1.21084 -63.8523 -72.0263
-2.14062 31.1645 290.321 55.0141 1.17859 -64.2222 -72.0856
-2.13281 31.1736 289.818 54.4507 1.14614 -64.5936 -72.1445
-2.125 31.1824 289.312 53.8869 1.11347 -64.9665 -72.2029
-2.11719 31.191 288.803 53.3226 1.0806 -65.3409 -72.261
-2.10938 31.1993 288.291 52.7578 1.04751 -65.7168 -72.3187
-2.10156 31.2074 287.776 52.1926 1.01421 -66.0943 -72.3759
-2.09375 31.2151 287.258 51.6269 0.980687 -66.4733 -72.4327
-2.08594 31.2227 286.737 51.0608 0.946945 -66.854 -72.4891
-2.07812 31.2299 286.213 50.4943 0.912979 -67.2362 -72.545
-2.07031 31.2369 285.687 49.9273 0.878788 -67.62 -72.6005
-2.0625 31.2437 285.157 49.3599 0.844368 -68.0054 -72.6556
-2.05469 31.2501 284.624 48.7921 0.809717 -68.3924 -72.7102
-2.04688 31.2563 284.088 48.2238 0.774832 -68.7811 -72.7643
-2.03906 31.2622 283.549 47.6551 0.739711 -69.1715 -72.818
-2.03125 31.2679 283.007 47.086 0.70435 -69.5635 -72.8712
-2.02344 31.2732 282.462 46.5165 0.668746 -69.9572 -72.924
-2.01562 31.2783 281.914 45.9466 0.632898 -70.3526 -72.9762
-2.00781 31.2831 281.363 45.3763 0.596801 -70.7497 -73.028
-2 31.2877 280.809 44.8055 0.560453 -71.1486 -73.0793
-1.99219 31.2919 280.251 44.2344 0.523851 -71.5492 -73.13
-1.98438 31.2958 279.691 43.6629 0.486992 -71.9515 -73.1803
-1.97656 31.2995 279.127 43.091 0.449872 -72.3557 -73.23
-1.96875 31.3029 278.56 42.5187 0.412489 -72.7616 -73.2793
-1.96094 31.3059 277.99 41.946 0.374839 -73.1694 -73.3279
-1.95312 31.3087 277.417 41.3729 0.336919 -73.579 -73.3761
-1.94531 31.3112 276.841 40.7995 0.298726 -73.9904 -73.4237
-1.9375 31.3134 276.261 40.2257 0.260257 -74.4037 -73.4708
-1.92969 31.3153 275.678 39.6515 0.221507 -74.8189 -73.5173
-1.92188 31.3168 275.092 39.077 0.182474 -75.2359 -73.5632
-1.91406 31.3181 274.502 38.5021 0.143155 -75.6549 -73.6086
-1.90625 31.3191 273.91 37.9268 0.103544 -76.0759 -73.6534
-1.89844 31.3197 273.314 37.3513 0.0636401 -76.4987 -73.6975
-1.89062 31.3201 272.714 36.7753 0.0234382 -76.9236 -73.7411
-1.88281 31.3201 272.112 36.1991 -0.0170652 -77.3504 -73.7841
-1.875 31.3198 271.506 35.6224 -0.0578738 -77.7793 -73.8265
-1.86719 31.3192 270.896 35.0455 -0.0989913 -78.2101 -73.8682
-1.85938 31.3183 270.284 34.4683 -0.140422 -78.643 -73.9093
-1.85156 31.317 269.668 33.8907 -0.182169 -79.078 -73.9498
-1.84375 31.3154 269.048 33.3128 -0.224237 -79.5151 -73.9896
-1.83594 31.3135 268.425 32.7346 -0.26663 -79.9543 -74.0287
-1.82812 31.3112 267.799 32.1561 -0.309352 -80.3956 -74.0672
-1.82031 31.3087 267.169 31.5773 -0.352408 -80.839 -74.105
-1.8125 31.3057 266.536 30.9982 -0.3958 -81.2846 -74.142
-1.80469 31.3025 265.899 30.4188 -0.439535 -81.7324 -74.1784
-1.79688 31.2989 265.259 29.8392 -0.483616 -82.1824 -74.2141
-1.78906 31.2949 264.615 29.2592 -0.528047 -82.6347 -74.2491
-1.78125 31.2906 263.967 28.679 -0.572834 -83.0892 -74.2833
-1.77344 31.286 263.317 28.0986 -0.61798 -83.546 -74.3167
-1.76562 31.281 262.662 27.5178 -0.663491 -84.0051 -74.3494
-1.75781 31.2756 262.004 26.9369 -0.709371 -84.4665 -74.3814
-1.75 31.2699 261.342 26.3556 -0.755626 -84.9302 -74.4125
-1.74219 31.2638 260.677 25.7742 -0.802259 -85.3963 -74.4429
-1.73438 31.2573 260.008 25.1925 -0.849276 -85.8648 -74.4725
-1.72656 31.2505 259.335 24.6105 -0.896682 -86.3357 -74.5012
-1.71875 31.2433 258.659 24.0284 -0.944483 -86.8091 -74.5291
-1.71094 31.2358 257.979 23.446 -0.992683 -87.2849 -74.5562
-1.70312 31.2278 257.295 22.8635 -1.04129 -87.7633 -74.5824
-1.69531 31.2195 256.608 22.2807 -1.0903 -88.2441 -74.6077
-1.6875 31.2108 255.916 21.6977 -1.13973 -88.7275 -74.6321
-1.67969 31.2017 255.221 21.1146 -1.18958 -89.2134 -74.6557
-1.67188 31.1922 254.522 20.5312 -1.23986 -89.702 -74.6783
-1.66406 31.1823 253.82 19.9477 -1.29057 -90.1932 -74.7
-1.65625 31.172 253.113 19.364 -1.34172 -90.687 -74.7207
-1.64844 31.1613 252.403 18.7802 -1.39332 -91.1835 -74.7405
-1.64062 31.1502 251.688 18.1962 -1.44536 -91.6827 -74.7593
-1.63281 31.1387 250.97 17.6121 -1.49786 -92.1846 -74.7772
-1.625 31.1268 250.248 17.0278 -1.55083 -92.6893 -74.794
-1.61719 31.1145 249.522 16.4434 -1.60426 -93.1968 -74.8097
-1.60938 31.1018 248.792 15.8589 -1.65817 -93.7072 -74.8245
-1.60156 31.0886 248.058 15.2743 -1.71256 -94.2203 -74.8382
-1.59375 31.075 247.319 14.6896 -1.76745 -94.7364 -74.8508
-1.58594 31.061 246.577 14.1048 -1.82282 -95.2554 -74.8623
-1.57812 31.0465 245.831 13.5199 -1.8787 -95.7773 -74.8726
-1.57031 31.0316 245.081 12.9349 -1.9351 -96.3022 -74.8819
-1.5625 31.0163 244.326 12.3498 -1.992 -96.8301 -74.89
-1.55469 31.0005 243.568 11.7647 -2.04944 -97.3611 -74.8969
-1.54688 30.9843 242.805 11.1796 -2.1074 -97.8951 -74.9026
-1.53906 30.9676 242.038 10.5944 -2.16591 -98.4323 -74.9071
-1.53125 30.9504 241.267 10.0092 -2.22496 -98.9726 -74.9104
-1.52344 30.9328 240.492 9.42393 -2.28456 -99.5161 -74.9124
-1.51562 30.9147 239.712 8.83867 -2.34473 -100.063 -74.9131
-1.50781 30.8962 238.928 8.25341 -2.40548 -100.613 -74.9125
-1.5 30.8771 238.14 7.66817 -2.4668 -101.166 -74.9106
-1.49219 30.8576 237.347 7.08294 -2.52871 -101.723 -74.9073
-1.48438 30.8376 236.551 6.49775 -2.59121 -102.282 -74.9027
-1.47656 30.8171 235.749 5.91259 -2.65432 -102.846 -74.8966
-1.46875 30.7961 234.944 5.32749 -2.71805 -103.413 -74.8891
-1.46094 30.7747 234.133 4.74246 -2.7824 -103.983 -74.8802
-1.45312 30.7527 233.319 4.15749 -2.84738 -104.557 -74.8698
-1.44531 30.7302 232.5 3.57262 -2.91301 -105.134 -74.8579
-1.4375 30.7071 231.676 2.98785 -2.97928 -105.715 -74.8444
-1.42969 30.6836 230.848 2.40318 -3.04622 -106.3 -74.8294
-1.42188 30.6595 230.015 1.81864 -3.11383 -106.888 -74.8127
-1.41406 30.635 229.178 1.23424 -3.18212 -107.48 -74.7945
-1.40625 30.6098 228.336 0.649987 -3.2511 -108.076 -74.7745
-1.39844 30.5842 227.489 0.0658956 -3.32078 -108.675 -74.7529
-1.39062 30.5579 226.638 -0.51802 -3.39118 -109.279 -74.7296
-1.38281 30.5312 225.782 -1.10175 -3.4623 -109.886 -74.7045
-1.375 30.5038 224.921 -1.68527 -3.53416 -110.498 -74.6776
-1.36719 30.4759 224.055 -2.26858 -3.60677 -111.113 -74.6489
-1.35938 30.4475 223.185 -2.85165 -3.68013 -111.732 -74.6184
-1.35156 30.4184 222.309 -3.43448 -3.75426 -112.356 -74.5859
-1.34375 30.3888 221.429 -4.01705 -3.82918 -112.984 -74.5515
-1.33594 30.3586 220.544 -4.59934 -3.90488 -113.616 -74.5151
-1.32812 30.3278 219.654 -5.18134 -3.9814 -114.252 -74.4767
-1.32031 30.2964 218.759 -5.76303 -4.05874 -114.892 -74.4363
-1.3125 30.2644 217.859 -6.3444 -4.13691 -115.537 -74.3938
-1.30469 30.2317 216.953 -6.92543 -4.21592 -116.186 -74.3491
-1.29688 30.1985 216.043 -7.5061 -4.2958 -116.84 -74.3022
-1.28906 30.1646 215.128 -8.08639 -4.37654 -117.499 -74.2531
-1.28125 30.1301 214.207 -8.66629 -4.45818 -118.161 -74.2018
-1.27344 30.095 213.281 -9.24579 -4.54072 -118.829 -74.1481
-1.26562 30.0592 212.35 -9.82485 -4.62417 -119.501 -74.092
-1.25781 30.0227 211.414 -10.4035 -4.70856 -120.178 -74.0335
-1.25 29.9856 210.473 -10.9816 -4.7939 -120.86 -73.9726
-1.24219 29.9478 209.526 -11.5593 -4.88019 -121.547 -73.9091
-1.23438 29.9093 208.573 -12.1364 -4.96747 -122.239 -73.843
-1.22656 29.8702 207.616 -12.7131 -5.05574 -122.935 -73.7743
-1.21875 29.8303 206.653 -13.2891 -5.14502 -123.637 -73.703
-1.21094 29.7898 205.684 -13.8647 -5.23534 -124.344 -73.6288
-1.20312 29.7485 204.71 -14.4396 -5.32669 -125.056 -73.5519
-1.19531 29.7065 203.73 -15.0139 -5.41912 -125.774 -73.472
-1.1875 29.6638 202.744 -15.5876 -5.51262 -126.497 -73.3893
-1.17969 29.6204 201.753 -16.1606 -5.60723 -127.225 -73.3035
-1.17188 29.5762 200.757 -16.7329 -5.70295 -127.959 -73.2147
-1.16406 29.5313 199.754 -17.3046 -5.79982 -128.698 -73.1227
-1.15625 29.4856 198.746 -17.8755 -5.89784 -129.443 -73.0275
-1.14844 29.4391 197.731 -18.4456 -5.99704 -130.194 -72.929
-1.14062 29.3919 196.711 -19.015 -6.09744 -130.95 -72.8272
-1.13281 29.3439 195.685 -19.5835 -6.19906 -131.713 -72.7219
-1.125 29.295 194.653 -20.1512 -6.30193 -132.481 -72.6131
-1.11719 29.2454 193.615 -20.7181 -6.40606 -133.256 -72.5007
-1.10938 29.1949 192.571 -21.284 -6.51147 -134.036 -72.3847
-1.10156 29.1436 191.521 -21.8491 -6.6182 -134.823 -72.2648
-1.09375 29.0915 190.465 -22.4132 -6.72625 -135.616 -72.1411
-1.08594 29.0385 189.402 -22.9763 -6.83567 -136.416 -72.0134
-1.07812 28.9847 188.333 -23.5384 -6.94647 -137.222 -71.8817
-1.07031 28.93 187.258 -24.0994 -7.05867 -138.034 -71.7459
-1.0625 28.8744 186.176 -24.6594 -7.17231 -138.853 -71.6057
-1.05469 28.8179 185.088 -25.2182 -7.28741 -139.679 -71.4613
-1.04688 28.7605 183.994 -25.7759 -7.40399 -140.512 -71.3123
-1.03906 28.7022 182.893 -26.3325 -7.52209 -141.352 -71.1588
-1.03125 28.643 181.785 -26.8878 -7.64173 -142.199 -71.0006
-1.02344 28.5828 180.671 -27.4418 -7.76295 -143.053 -70.8376
-1.01562 28.5217 179.55 -27.9946 -7.88576 -143.914 -70.6697
-1.00781 28.4596 178.422 -28.546 -8.01021 -144.783 -70.4967
-1 28.3965 177.288 -29.0961 -8.14107 -145.659 -70.3193
-0.992188 28.3324 176.146 -29.6447 -8.27841 -146.544 -70.1376
-0.984375 28.2671 174.998 -30.192 -8.41773 -147.435 -69.9507
-0.976562 28.2008 173.842 -30.7377 -8.55918 -148.335 -69.7579
-0.96875 28.1334 172.68 -31.2819 -8.7027 -149.243 -69.5594
-0.960938 28.0648 171.51 -31.8245 -8.84832 -150.158 -69.3549
-0.953125 27.9951 170.334 -32.3656 -8.99606 -151.082 -69.1441
-0.945312 27.9243 169.15 -32.9049 -9.14595 -152.013 -68.9269
-0.9375 27.8522 167.958 -33.4425 -9.298 -152.953 -68.703
-0.929688 27.779 166.76 -33.9784 -9.45227 -153.901 -68.4721
-0.921875 27.7045 165.554 -34.5124 -9.60877 -154.857 -68.2341
-0.914062 27.6288 164.34 -35.0445 -9.76753 -155.822 -67.9886
-0.90625 27.5519 163.119 -35.5747 -9.92859 -156.796 -67.7354
-0.898438 27.4737 161.89 -36.1028 -10.092 -157.778 -67.4743
-0.890625 27.3942 160.654 -36.6289 -10.2577 -158.769 -67.205
-0.882812 27.3134 159.409 -37.1529 -10.4259 -159.768 -66.9271
-0.875 27.2313 158.157 -37.6746 -10.5965 -160.777 -66.6405
-0.867188 27.1478 156.897 -38.1941 -10.7695 -161.795 -66.3448
-0.859375 27.063 155.629 -38.7112 -10.9451 -162.822 -66.0399
-0.851562 26.9768 154.353 -39.2259 -11.1232 -163.858 -65.7252
-0.84375 26.8892 153.069 -39.7381 -11.304 -164.904 -65.4005
-0.835938 26.8002 151.776 -40.2478 -11.4874 -165.959 -65.0656
-0.828125 26.7097 150.476 -40.7547 -11.6735 -167.024 -64.7199
-0.820312 26.6178 149.167 -41.259 -11.8624 -168.099 -64.3633
-0.8125 26.5243 147.849 -41.7604 -12.0541 -169.184 -63.9952
-0.804688 26.4294 146.523 -42.2588 -12.2486 -170.278 -63.6155
-0.796875 26.3329 145.189 -42.7543 -12.4461 -171.383 -63.2237
-0.789062 26.2349 143.845 -43.2467 -12.6466 -172.498 -62.8193
-0.78125 26.1353 142.493 -43.7358 -12.8501 -173.624 -62.4021
-0.773438 26.0341 141.132 -44.2216 -13.0567 -174.76 -61.9715
-0.765625 25.9313 139.763 -44.7041 -13.2665 -175.907 -61.5272
-0.757812 25.8268 138.384 -45.183 -13.4796 -177.065 -61.0687
-0.75 25.7207 136.996 -45.6582 -13.696 -178.234 -60.5955
-0.742188 25.6128 135.599 -46.1297 -13.9157 -179.414 -60.1072
-0.734375 25.5032 134.192 -46.5973 -14.139 -180.606 -59.6032
-0.726562 25.3919 132.777 -47.0609 -14.3659 -181.808 -59.0832
-0.71875 25.2787 131.352 -47.5204 -14.5964 -183.023 -58.5464
-0.710938 25.1638 129.917 -47.9757 -14.8306 -184.249 -57.9924
-0.703125 25.047 128.473 -48.4265 -15.0687 -185.487 -57.4207
-0.695312 24.9283 127.019 -48.8728 -15.3107 -186.737 -56.8305
-0.6875 24.8077 125.555 -49.3144 -15.5567 -188 -56.2214
-0.679688 24.6852 124.081 -49.7512 -15.8069 -189.274 -55.5926
-0.671875 24.5607 122.597 -50.1829 -16.0613 -190.561 -54.9435
-0.664062 24.4343 121.104 -50.6096 -16.32 -191.861 -54.2734
-0.65625 24.3057 119.6 -51.0309 -16.5833 -193.174 -53.5816
-0.648438 24.1751 118.085 -51.4467 -16.8511 -194.499 -52.8674
-0.640625 24.0424 116.56 -51.8568 -17.1236 -195.838 -52.1299
-0.632812 23.9076 115.025 -52.2611 -17.401 -197.19 -51.3685
-0.625 23.7705 113.479 -52.6594 -17.6833 -198.555 -50.5822
-0.617188 23.6312 111.923 -53.0514 -17.9707 -199.933 -49.7701
-0.609375 23.4897 110.355 -53.4369 -18.2634 -201.325 -48.9315
-0.601562 23.3458 108.777 -53.8158 -18.5615 -202.731 -48.0652
-0.59375 23.1996 107.188 -54.1878 -18.8651 -204.15 -47.1705
-0.585938 23.0511 105.587 -54.5528 -19.1744 -205.584 -46.2461
-0.578125 22.9 103.975 -54.9103 -19.4896 -207.031 -45.2911
-0.570312 22.7465 102.352 -55.2603 -19.8108 -208.492 -44.3043
-0.5625 22.5905 100.718 -55.6024 -20.1382 -209.967 -43.2846
-0.554688 22.4318 99.0713 -55.9365 -20.4719 -211.456 -42.2308
-0.546875 22.2706 97.4135 -56.2622 -20.8123 -212.96 -41.1416
-0.539062 22.1066 95.7438 -56.5792 -21.1593 -214.477 -40.0156
-0.53125 21.9399 94.0622 -56.8873 -21.5133 -216.008 -38.8516
-0.523438 21.7704 92.3686 -57.1861 -21.8744 -217.553 -37.648
-0.515625 21.5981 90.6629 -57.4753 -22.2428 -219.112 -36.4034
-0.507812 21.4229 88.9449 -57.7547 -22.6187 -220.685 -35.1161
-0.5 21.2446 87.2146 -58.0239 -23.0042 -222.271 -33.7857
-0.492188 21.0634 85.4719 -58.2824 -23.3997 -223.871 -32.4108
-0.484375 20.879 83.7166 -58.5301 -23.8042 -225.484 -30.9892
-0.476562 20.6914 81.9486 -58.7665 -24.218 -227.11 -29.5196
-0.46875 20.5005 80.1679 -58.9912 -24.6416 -228.75 -28.0006
-0.460938 20.3063 78.3744 -59.2038 -25.0755 -230.401 -26.4305
-0.453125 20.1087 76.5679 -59.4039 -25.5201 -232.065 -24.8077
-0.445312 19.9075 74.7483 -59.5912 -25.976 -233.74 -23.1304
-0.4375 19.7028 72.9156 -59.7651 -26.4435 -235.426 -21.3969
-0.429688 19.4943 71.0697 -59.9253 -26.9233 -237.122 -19.6052
-0.421875 19.2821 69.2106 -60.0712 -27.4156 -238.827 -17.7533
-0.414062 19.0659 67.338 -60.2024 -27.9211 -240.54 -15.8389
-0.40625 18.8457 65.4521 -60.3184 -28.4402 -242.259 -13.8598
-0.398438 18.6215 63.5527 -60.4187 -28.9733 -243.985 -11.8136
-0.390625 18.393 61.6398 -60.5028 -29.5211 -245.714 -9.6977
-0.382812 18.1601 59.7134 -60.57 -30.0838 -247.447 -7.50958
-0.375 17.9228 57.7735 -60.6198 -30.6619 -249.18 -5.24643
-0.367188 17.681 55.82 -60.6516 -31.256 -250.912 -2.90538
-0.359375 17.4344 53.853 -60.6649 -31.8664 -252.641 -0.48344
-0.351562 17.183 51.8725 -60.6589 -32.4935 -254.363 2.02251
-0.34375 16.9266 49.8786 -60.6329 -33.1376 -256.078 4.61569
-0.335938 16.6652 47.8713 -60.5864 -33.7992 -257.78 7.29941
-0.328125 16.3984 45.8508 -60.5185 -34.4786 -259.467 10.0771
-0.320312 16.1264 43.8172 -60.4286 -35.1759 -261.136 12.9522
-0.3125 15.8488 41.7707 -60.3158 -35.8914 -262.781 15.9283
-0.304688 15.5655 39.7114 -60.1793 -36.6252 -264.399 19.009
-0.296875 15.2764 37.6396 -60.0183 -37.3775 -265.984 22.1978
-0.289062 14.9814 35.5555 -59.832 -38.1482 -267.531 25.4985
-0.28125 14.6803 33.4596 -59.6194 -38.9372 -269.034 28.9144
-0.273438 14.3729 31.3521 -59.3797 -39.7443 -270.486 32.4489
-0.265625 14.0592 29.2335 -59.112 -40.5692 -271.879 36.1055
-0.257812 13.739 27.1042 -58.8151 -41.4115 -273.207 39.8871
-0.25 13.4121 24.9649 -58.4882 -42.27 -274.457 43.7973
-0.242188 13.0784 22.8162 -58.1303 -43.1445 -275.621 47.8381
-0.234375 12.7379 20.6587 -57.7402 -44.0348 -276.696 52.011
-0.226562 12.3903 18.4932 -57.3171 -44.9397 -277.672 56.3189
-0.21875 12.0357 16.3205 -56.8597 -45.8577 -278.538 60.7636
-0.210938 11.6738 14.1415 -56.3671 -46.7872 -279.284 65.3468
-0.203125 11.3046 11.9572 -55.8381 -47.7262 -279.897 70.0688
-0.195312 10.928 9.76867 -55.2717 -48.6726 -280.365 74.9292
-0.1875 10.544 7.57711 -54.6668 -49.6239 -280.675 79.9264
-0.179688 10.1526 5.3838 -54.0224 -50.5773 -280.813 85.0573
-0.171875 9.75377 3.19013 -53.3373 -51.5298 -280.765 90.3176
-0.164062 9.34749 0.997622 -52.6107 -52.478 -280.517 95.7011
-0.15625 8.93383 -1.1921 -51.8415 -53.4181 -280.053 101.2
-0.148438 8.51288 -3.3773 -51.029 -54.3462 -279.359 106.803
-0.140625 8.08474 -5.55613 -50.1724 -55.2579 -278.421 112.5
-0.132812 7.64956 -7.72662 -49.2709 -56.1486 -277.224 118.276
-0.125 7.20752 -9.8867 -48.3241 -57.0135 -275.758 124.114
-0.117188 6.75884 -12.0342 -47.3314 -57.8476 -274.009 129.995
-0.109375 6.30379 -14.167 -46.2928 -58.6459 -271.97 135.898
-0.101562 5.84266 -16.2826 -45.208 -59.403 -269.631 141.801
-0.09375 5.3758 -18.3788 -44.0773 -60.114 -266.988 147.678
-0.0859375 4.90358 -20.4531 -42.9008 -60.7739 -264.04 153.504
-0.078125 4.42642 -22.5032 -41.6791 -61.378 -260.786 159.252
-0.0703125 3.94478 -24.5267 -40.4129 -61.922 -257.232 164.893
-0.0625 3.45914 -26.5213 -39.1031 -62.4021 -253.385 170.4
-0.0546875 2.97001 -28.4847 -37.751 -62.8151 -249.255 175.747
-0.046875 2.47793 -30.4149 -36.3578 -63.1583 -244.859 180.907
-0.0390625 1.98344 -32.3097 -34.9252 -63.4298 -240.212 185.855
-0.03125 1.48712 -34.1673 -33.4547 -63.6287 -235.338 190.571
-0.0234375 0.98953 -35.986 -31.9485 -63.7546 -230.258 195.035
-0.015625 0.491239 -37.7644 -30.4084 -63.808 -225 199.231
-0.0078125 -0.00719247 -39.5011 -28.8366 -63.7904 -219.588 203.147
0 -0.505253 -41.1949 -27.2353 -63.713 -214.037 206.782
