# name         	particl	GMM	rewind	mean	scatter	pmra	e_pmra	pmdec	e_pmdec	vlos	e_vlos
AntliaII       	  0.010	  0.017	  0.005	  0.010	  0.005	 -0.089	  0.048	  0.081	  0.049  289.6   10.0
AquariusII     	  0.000	  0.000	  0.001	  0.000	  0.000	  0.077	  0.141	 -0.469	  0.121  -71.9    9.9
BootesI        	  0.000	  0.000	  0.000	  0.000	  0.000	 -0.392	  0.050	 -1.052	  0.050  101.5   10.0
BootesII       	  0.000	  0.000	  0.000	  0.000	  0.000	 -2.444	  0.070	 -0.453	  0.055 -116.2   10.0
BootesIII      	  0.000	  0.000	  0.000	  0.000	  0.000	 -1.157	  0.050	 -0.880	  0.050  195.8   10.0
BootesIV       	  0.000	  0.000	  0.000	  0.000	  0.000	 -0.214	  0.076	 -0.114	  0.075 -121.3   75.4
CanesVenaticiI 	  0.000	  0.000	  0.000	  0.000	  0.000	 -0.127	  0.040	 -0.143	  0.040   30.7    9.9
CanesVenaticiII	  0.000	  0.000	  0.000	  0.000	  0.000	 -0.173	  0.073	 -0.288	  0.063 -126.8    9.9
Carina         	  0.541	  0.522	  0.527	  0.530	  0.008	  0.529	  0.050	  0.135	  0.049  224.4   10.2
CarinaII       	  0.989	  0.992	  0.967	  0.982	  0.011	  1.878	  0.056	  0.134	  0.056  477.0    9.9
CarinaIII      	  0.986	  0.986	  0.988	  0.987	  0.001	  3.083	  0.075	  1.388	  0.075  285.8    9.9
CentaurusI     	  0.009	  0.007	  0.005	  0.007	  0.002	 -0.140	  0.048	 -0.198	  0.049  188.3   83.1
CetusII        	  0.000	  0.000	  0.000	  0.000	  0.000	  2.842	  0.070	  0.457	  0.070  -37.6  122.9
CetusIII       	  0.003	  0.000	  0.000	  0.001	  0.001	  0.163	  0.057	 -0.144	  0.060  -88.6   58.6
ColumbaI       	  0.000	  0.000	  0.000	  0.000	  0.000	  0.183	  0.053	 -0.282	  0.060  153.7    9.9
ComaBerenices  	  0.000	  0.000	  0.000	  0.000	  0.000	  0.423	  0.050	 -1.716	  0.050   97.7   10.0
CraterII       	  0.056	  0.711	  0.036	  0.268	  0.314	 -0.113	  0.037	 -0.087	  0.040   85.8    9.2
Delve1         	  0.000	  0.000	  0.000	  0.000	  0.000	  0.031	  0.111	 -1.542	  0.111  -63.5  139.5
Delve2         	  0.959	  0.929	  0.940	  0.943	  0.012	  0.970	  0.108	 -0.961	  0.081  171.1   80.7
Draco          	  0.000	  0.000	  0.000	  0.000	  0.000	  0.020	  0.049	 -0.183	  0.049 -289.8   10.0
DracoII        	  0.005	  0.000	  0.036	  0.014	  0.016	  1.098	  0.105	  0.902	  0.105 -346.2   10.0
EridanusII     	  0.000	  0.000	  0.000	  0.000	  0.000	  0.140	  0.034	 -0.067	  0.032   76.8    9.7
EridanusIII    	  0.985	  0.975	  0.980	  0.980	  0.004	  1.295	  0.121	 -0.655	  0.118  154.8   67.0
Fornax         	  0.182	  0.169	  0.116	  0.156	  0.028	  0.378	  0.048	 -0.362	  0.048   55.0    9.9
GrusI          	  0.000	  0.000	  0.001	  0.000	  0.000	  0.076	  0.048	 -0.300	  0.068 -139.0    9.9
GrusII         	  0.454	  0.301	  0.221	  0.325	  0.097	  0.388	  0.050	 -1.512	  0.051 -109.8   10.0
Hercules       	  0.000	  0.000	  0.000	  0.000	  0.000	 -0.065	  0.047	 -0.329	  0.049   43.4    9.9
HorologiumI    	  0.982	  0.943	  0.940	  0.955	  0.019	  0.865	  0.049	 -0.600	  0.049  113.8    9.9
HorologiumII   	  0.979	  0.939	  0.968	  0.962	  0.017	  1.066	  0.150	 -0.717	  0.163  169.2   12.7
HydraII        	  0.451	  0.441	  0.406	  0.433	  0.019	 -0.216	  0.099	 -0.027	  0.071  302.5    9.9
HydrusI        	  0.989	  0.978	  0.964	  0.977	  0.010	  3.783	  0.076	 -1.501	  0.076   81.6    9.9
Indus1         	  0.358	  0.367	  0.370	  0.365	  0.005	  0.004	  0.194	 -0.807	  0.302   -9.8   84.6
LeoI           	  0.010	  0.006	  0.039	  0.018	  0.015	 -0.038	  0.040	 -0.130	  0.038  279.9    9.9
LeoII          	  0.015	  0.013	  0.025	  0.017	  0.005	 -0.098	  0.039	 -0.157	  0.036   79.0    9.9
LeoIV          	  0.037	  0.155	  0.021	  0.071	  0.060	 -0.087	  0.084	 -0.226	  0.088  132.5    9.9
LeoV           	  0.055	  0.081	  0.026	  0.054	  0.022	 -0.075	  0.089	 -0.258	  0.095  172.0    9.9
PegasusIII     	  0.167	  0.126	  0.141	  0.145	  0.017	  0.093	  0.076	 -0.222	  0.096 -223.7   10.0
Phoenix        	  0.000	  0.000	  0.000	  0.000	  0.000	  0.105	  0.023	 -0.094	  0.022  -17.3    9.7
PhoenixII      	  0.979	  0.924	  0.956	  0.953	  0.023	  0.507	  0.049	 -1.201	  0.058   32.3    9.9
PictorI        	  0.040	  0.058	  0.068	  0.055	  0.011	  0.182	  0.074	  0.020	  0.098  155.0   93.5
PictorII       	  0.998	  0.992	  0.992	  0.994	  0.003	  1.157	  0.060	  1.133	  0.055  346.0   82.0
PiscesII       	  0.387	  0.290	  0.403	  0.360	  0.050	  0.198	  0.080	 -0.322	  0.089 -227.6   10.1
ReticulumII    	  0.911	  0.813	  0.842	  0.855	  0.041	  2.380	  0.067	 -1.346	  0.067   65.6    9.9
ReticulumIII   	  0.225	  0.293	  0.141	  0.220	  0.062	  0.382	  0.147	 -0.440	  0.204  273.2   10.0
Sagittarius    	  0.000	  0.000	  0.000	  0.000	  0.000	 -2.673	  0.081	 -1.383	  0.081  139.0   10.0
SagittariusII  	  0.000	  0.000	  0.000	  0.000	  0.000	 -0.763	  0.050	 -0.912	  0.049 -176.3    9.9
Sculptor       	  0.008	  0.000	  0.001	  0.003	  0.004	  0.108	  0.049	 -0.172	  0.049  110.1   10.0
Segue1         	  0.000	  0.004	  0.000	  0.001	  0.002	 -2.051	  0.091	 -3.412	  0.091  208.0   10.0
Segue2         	  0.000	  0.000	  0.000	  0.000	  0.000	  1.429	  0.058	 -0.314	  0.057  -40.4   10.0
Sextans        	  0.000	  0.000	  0.000	  0.000	  0.000	 -0.387	  0.049	  0.005	  0.049  223.6    9.9
SMC            	  0.962	  0.914	  0.954	  0.943	  0.021	  0.683	  0.050	 -1.241	  0.049  145.6    9.9
TriangulumII   	  0.000	  0.000	  0.000	  0.000	  0.000	  0.585	  0.074	  0.073	  0.074 -380.0   10.0
TucanaII       	  0.295	  0.269	  0.198	  0.254	  0.041	  0.904	  0.050	 -1.271	  0.051 -127.7   10.0
TucanaIII      	  0.000	  0.000	  0.000	  0.000	  0.000	 -0.074	  0.084	 -1.621	  0.084 -101.3   10.0
TucanaIV       	  0.347	  0.179	  0.124	  0.217	  0.095	  0.563	  0.050	 -1.688	  0.050   16.3   10.0
TucanaV        	  0.003	  0.001	  0.000	  0.001	  0.001	 -0.135	  0.050	 -1.174	  0.055  -35.9   10.0
UrsaMajorI     	  0.000	  0.000	  0.000	  0.000	  0.000	 -0.389	  0.049	 -0.628	  0.049  -54.8    9.9
UrsaMajorII    	  0.000	  0.000	  0.000	  0.000	  0.000	  1.719	  0.061	 -1.896	  0.061 -116.2   10.0
UrsaMinor      	  0.000	  0.000	  0.000	  0.000	  0.000	 -0.135	  0.049	  0.060	  0.049 -245.7   10.0
Virgo1         	  0.101	  0.103	  0.147	  0.117	  0.021	 -0.271	  0.245	 -0.344	  0.245  137.1   97.1
Willman1       	  0.000	  0.000	  0.000	  0.000	  0.000	  0.273	  0.065	 -1.111	  0.074  -12.9   10.0
