# name         	particl	GMM	rewind	mean	scatter	pmra	e_pmra	pmdec	e_pmdec	vlos	e_vlos
AntliaII       	  0.011	  0.014	  0.018	  0.014	  0.003	 -0.067	  0.046	  0.060	  0.047  289.9    9.9
AquariusII     	  0.079	  0.075	  0.070	  0.075	  0.004	  0.094	  0.118	 -0.437	  0.108  -71.2    9.9
BootesI        	  0.000	  0.001	  0.000	  0.000	  0.001	 -0.393	  0.050	 -1.049	  0.050  101.5   10.0
BootesII       	  0.000	  0.003	  0.000	  0.001	  0.001	 -2.442	  0.070	 -0.454	  0.055 -116.0   10.0
BootesIII      	  0.000	  0.003	  0.000	  0.001	  0.001	 -1.145	  0.050	 -0.868	  0.049  196.0   10.0
BootesIV       	  0.109	  0.102	  0.179	  0.130	  0.035	 -0.183	  0.058	 -0.106	  0.052  -84.4   87.3
CanesVenaticiI 	  0.284	  0.181	  0.207	  0.224	  0.044	 -0.128	  0.039	 -0.138	  0.038   30.6   10.1
CanesVenaticiII	  0.303	  0.286	  0.289	  0.293	  0.007	 -0.177	  0.061	 -0.282	  0.055 -126.4    9.9
Carina         	  0.608	  0.722	  0.656	  0.662	  0.047	  0.529	  0.049	  0.126	  0.048  223.3   10.0
CarinaII       	  0.992	  0.990	  0.952	  0.978	  0.018	  1.879	  0.056	  0.136	  0.056  476.9    9.9
CarinaIII      	  0.999	  0.998	  0.994	  0.997	  0.002	  3.084	  0.076	  1.389	  0.075  285.9    9.9
CentaurusI     	  0.008	  0.027	  0.012	  0.016	  0.008	 -0.149	  0.047	 -0.183	  0.050  201.7   92.1
CetusII        	  0.002	  0.000	  0.000	  0.001	  0.001	  2.841	  0.070	  0.459	  0.070  -46.0  130.6
CetusIII       	  0.043	  0.023	  0.000	  0.022	  0.018	  0.181	  0.053	 -0.187	  0.069  -90.5   56.9
ColumbaI       	  0.093	  0.017	  0.015	  0.042	  0.037	  0.193	  0.056	 -0.275	  0.067  153.9    9.9
ComaBerenices  	  0.000	  0.002	  0.000	  0.001	  0.001	  0.423	  0.050	 -1.715	  0.050   97.5   10.0
CraterII       	  0.022	  0.226	  0.028	  0.092	  0.095	 -0.096	  0.046	 -0.112	  0.046   88.3    9.9
Delve1         	  0.000	  0.000	  0.000	  0.000	  0.000	  0.032	  0.111	 -1.541	  0.111  -71.4  158.7
Delve2         	  0.967	  0.937	  0.949	  0.951	  0.012	  0.970	  0.108	 -0.962	  0.081  167.1   79.4
Draco          	  0.496	  0.560	  0.605	  0.554	  0.045	  0.022	  0.047	 -0.184	  0.049 -290.0   10.0
DracoII        	  0.011	  0.000	  0.021	  0.011	  0.008	  1.107	  0.105	  0.904	  0.105 -346.5   10.0
EridanusII     	  0.003	  0.001	  0.006	  0.003	  0.002	  0.139	  0.026	 -0.060	  0.023   74.1    9.4
EridanusIII    	  0.985	  0.940	  0.980	  0.968	  0.020	  1.282	  0.117	 -0.656	  0.115  151.5   71.5
Fornax         	  0.571	  0.430	  0.543	  0.514	  0.061	  0.372	  0.048	 -0.344	  0.048   54.7    9.9
GrusI          	  0.008	  0.140	  0.018	  0.055	  0.060	  0.077	  0.048	 -0.308	  0.067 -139.0    9.9
GrusII         	  0.558	  0.277	  0.325	  0.387	  0.123	  0.388	  0.050	 -1.511	  0.051 -109.5   10.0
Hercules       	  0.058	  0.107	  0.029	  0.064	  0.032	 -0.080	  0.046	 -0.323	  0.046   43.5    9.9
HorologiumI    	  0.992	  0.962	  0.963	  0.973	  0.014	  0.865	  0.049	 -0.599	  0.049  113.8    9.9
HorologiumII   	  0.987	  0.931	  0.981	  0.967	  0.025	  1.070	  0.152	 -0.712	  0.163  169.1   12.7
HydraII        	  0.335	  0.262	  0.323	  0.307	  0.032	 -0.229	  0.095	 -0.034	  0.074  302.5   10.0
HydrusI        	  0.977	  0.988	  0.983	  0.983	  0.004	  3.781	  0.076	 -1.501	  0.076   81.7    9.9
Indus1         	  0.363	  0.373	  0.360	  0.365	  0.006	 -0.016	  0.178	 -0.776	  0.286   11.3   91.6
LeoI           	  0.194	  0.213	  0.265	  0.224	  0.030	 -0.038	  0.037	 -0.128	  0.033  280.1    9.9
LeoII          	  0.429	  0.629	  0.418	  0.492	  0.097	 -0.080	  0.034	 -0.157	  0.029   78.8   10.0
LeoIV          	  0.073	  0.094	  0.070	  0.079	  0.011	 -0.101	  0.077	 -0.230	  0.079  132.7    9.9
LeoV           	  0.057	  0.050	  0.071	  0.059	  0.009	 -0.081	  0.079	 -0.238	  0.084  171.5   10.0
PegasusIII     	  0.183	  0.388	  0.173	  0.248	  0.099	  0.088	  0.069	 -0.217	  0.100 -223.3    9.9
Phoenix        	  0.000	  0.000	  0.000	  0.000	  0.000	  0.115	  0.019	 -0.102	  0.018  -16.0    9.0
PhoenixII      	  0.968	  0.936	  0.961	  0.955	  0.013	  0.506	  0.049	 -1.198	  0.058   32.0    9.9
PictorI        	  0.036	  0.063	  0.047	  0.049	  0.011	  0.196	  0.071	  0.010	  0.094  154.5   91.5
PictorII       	  0.997	  0.995	  0.994	  0.995	  0.001	  1.158	  0.059	  1.133	  0.055  340.0   80.2
PiscesII       	  0.351	  0.421	  0.352	  0.375	  0.033	  0.197	  0.081	 -0.328	  0.098 -226.5    9.9
ReticulumII    	  0.953	  0.884	  0.935	  0.924	  0.029	  2.378	  0.067	 -1.347	  0.067   65.4    9.9
ReticulumIII   	  0.165	  0.252	  0.089	  0.169	  0.067	  0.378	  0.145	 -0.414	  0.204  273.0   10.0
Sagittarius    	  0.000	  0.000	  0.000	  0.000	  0.000	 -2.672	  0.081	 -1.383	  0.081  139.1   10.0
SagittariusII  	  0.072	  0.004	  0.039	  0.038	  0.028	 -0.762	  0.050	 -0.909	  0.050 -176.7   10.0
Sculptor       	  0.045	  0.018	  0.047	  0.037	  0.013	  0.110	  0.049	 -0.174	  0.049  110.3   10.0
Segue1         	  0.000	  0.004	  0.000	  0.002	  0.002	 -2.049	  0.091	 -3.409	  0.091  208.4   10.0
Segue2         	  0.000	  0.000	  0.000	  0.000	  0.000	  1.426	  0.058	 -0.315	  0.058  -40.6   10.0
Sextans        	  0.020	  0.001	  0.004	  0.008	  0.008	 -0.385	  0.049	  0.003	  0.049  223.7    9.9
SMC            	  0.983	  0.939	  0.966	  0.963	  0.018	  0.683	  0.050	 -1.241	  0.049  145.5    9.9
TriangulumII   	  0.000	  0.000	  0.000	  0.000	  0.000	  0.587	  0.073	  0.058	  0.075 -380.6   10.0
TucanaII       	  0.524	  0.438	  0.279	  0.413	  0.101	  0.900	  0.049	 -1.270	  0.051 -127.9    9.9
TucanaIII      	  0.000	  0.000	  0.000	  0.000	  0.000	 -0.074	  0.084	 -1.622	  0.084 -101.5   10.0
TucanaIV       	  0.591	  0.292	  0.275	  0.386	  0.145	  0.564	  0.050	 -1.688	  0.050   16.0   10.0
TucanaV        	  0.003	  0.004	  0.000	  0.002	  0.002	 -0.135	  0.050	 -1.170	  0.054  -36.4   10.0
UrsaMajorI     	  0.000	  0.000	  0.000	  0.000	  0.000	 -0.383	  0.048	 -0.633	  0.049  -55.7    9.9
UrsaMajorII    	  0.001	  0.001	  0.000	  0.001	  0.000	  1.719	  0.061	 -1.897	  0.061 -116.4   10.0
UrsaMinor      	  0.512	  0.659	  0.645	  0.605	  0.066	 -0.128	  0.047	  0.062	  0.048 -246.1   10.0
Virgo1         	  0.123	  0.121	  0.117	  0.120	  0.002	 -0.256	  0.213	 -0.331	  0.223  138.9   99.5
Willman1       	  0.000	  0.002	  0.000	  0.001	  0.001	  0.270	  0.065	 -1.112	  0.074  -13.1   10.0
