# time[~Gyr] x y z[kpc] vx vy vz[km/s]
-5 -3.72102 265.115 215.783 12.1491 57.6265 -23.3322
-4.99219 -3.62609 265.564 215.6 12.1515 57.366 -23.5375
-4.98438 -3.53115 266.011 215.415 12.1538 57.1056 -23.7422
-4.97656 -3.43619 266.456 215.229 12.156 56.8452 -23.9467
-4.96875 -3.34121 266.899 215.041 12.1583 56.5848 -24.1511
-4.96094 -3.24622 267.34 214.851 12.1604 56.3244 -24.3551
-4.95312 -3.15121 267.779 214.66 12.1624 56.0642 -24.5582
-4.94531 -3.05618 268.216 214.468 12.1643 55.804 -24.7606
-4.9375 -2.96114 268.651 214.273 12.1661 55.5439 -24.9624
-4.92969 -2.86609 269.084 214.078 12.1677 55.2839 -25.1637
-4.92188 -2.77102 269.515 213.88 12.1693 55.0239 -25.3644
-4.91406 -2.67594 269.944 213.681 12.1708 54.764 -25.5647
-4.90625 -2.58085 270.371 213.481 12.1722 54.5041 -25.7644
-4.89844 -2.48575 270.795 213.279 12.1735 54.2443 -25.9636
-4.89062 -2.39064 271.218 213.075 12.1747 53.9845 -26.1623
-4.88281 -2.29552 271.639 212.87 12.1758 53.7247 -26.3605
-4.875 -2.20039 272.058 212.663 12.1768 53.465 -26.5581
-4.86719 -2.10526 272.474 212.455 12.1777 53.2054 -26.7552
-4.85938 -2.01012 272.889 212.245 12.1785 52.9458 -26.9518
-4.85156 -1.91497 273.302 212.034 12.1793 52.6862 -27.148
-4.84375 -1.81982 273.712 211.821 12.1799 52.4267 -27.3436
-4.83594 -1.72466 274.121 211.607 12.1804 52.1672 -27.5388
-4.82812 -1.6295 274.527 211.391 12.1809 51.9077 -27.7334
-4.82031 -1.53433 274.932 211.173 12.1812 51.6482 -27.9276
-4.8125 -1.43917 275.334 210.954 12.1815 51.3888 -28.1213
-4.80469 -1.344 275.735 210.734 12.1817 51.1294 -28.3145
-4.79688 -1.24883 276.133 210.512 12.1818 50.87 -28.5072
-4.78906 -1.15366 276.53 210.288 12.1818 50.6106 -28.6995
-4.78125 -1.05849 276.924 210.064 12.1817 50.3512 -28.8913
-4.77344 -0.963319 277.316 209.837 12.1815 50.0919 -29.0826
-4.76562 -0.868152 277.707 209.609 12.1812 49.8325 -29.2735
-4.75781 -0.772988 278.095 209.38 12.1809 49.5732 -29.4639
-4.75 -0.677827 278.481 209.149 12.1804 49.3139 -29.6538
-4.74219 -0.582669 278.865 208.916 12.1799 49.0546 -29.8433
-4.73438 -0.487517 279.248 208.682 12.1792 48.7952 -30.0323
-4.72656 -0.392369 279.628 208.447 12.1785 48.5359 -30.2209
-4.71875 -0.297228 280.006 208.21 12.1777 48.2766 -30.409
-4.71094 -0.202093 280.382 207.972 12.1768 48.0173 -30.5967
-4.70312 -0.106965 280.756 207.732 12.1758 47.758 -30.7839
-4.69531 -0.0118455 281.128 207.491 12.1748 47.4987 -30.9707
-4.6875 0.0832654 281.499 207.248 12.1736 47.2393 -31.157
-4.67969 0.178367 281.867 207.004 12.1724 46.98 -31.3429
-4.67188 0.273458 282.233 206.759 12.171 46.7206 -31.5284
-4.66406 0.368539 282.597 206.511 12.1696 46.4612 -31.7134
-4.65625 0.463608 282.959 206.263 12.1681 46.2019 -31.898
-4.64844 0.558666 283.318 206.013 12.1665 45.9424 -32.0822
-4.64062 0.65371 283.676 205.762 12.1649 45.683 -32.2659
-4.63281 0.748741 284.032 205.509 12.1631 45.4236 -32.4492
-4.625 0.843758 284.386 205.255 12.1613 45.1641 -32.6321
-4.61719 0.938761 284.738 204.999 12.1593 44.9046 -32.8146
-4.60938 1.03375 285.088 204.742 12.1573 44.645 -32.9967
-4.60156 1.12872 285.436 204.483 12.1552 44.3855 -33.1783
-4.59375 1.22367 285.781 204.224 12.153 44.1259 -33.3595
-4.58594 1.31861 286.125 203.962 12.1507 43.8662 -33.5403
-4.57812 1.41353 286.467 203.699 12.1484 43.6065 -33.7208
-4.57031 1.50843 286.806 203.435 12.1459 43.3468 -33.9008
-4.5625 1.60331 287.144 203.17 12.1434 43.0871 -34.0804
-4.55469 1.69817 287.48 202.903 12.1408 42.8273 -34.2595
-4.54688 1.79301 287.813 202.634 12.1381 42.5674 -34.4383
-4.53906 1.88783 288.145 202.365 12.1353 42.3075 -34.6167
-4.53125 1.98262 288.474 202.094 12.1325 42.0476 -34.7947
-4.52344 2.0774 288.802 201.821 12.1295 41.7876 -34.9723
-4.51562 2.17215 289.127 201.547 12.1265 41.5275 -35.1495
-4.50781 2.26687 289.451 201.272 12.1234 41.2674 -35.3264
-4.5 2.36157 289.772 200.995 12.1202 41.0072 -35.5028
-4.49219 2.45625 290.091 200.717 12.1169 40.747 -35.6788
-4.48438 2.5509 290.409 200.438 12.1136 40.4867 -35.8545
-4.47656 2.64552 290.724 200.157 12.1101 40.2264 -36.0298
-4.46875 2.74012 291.037 199.875 12.1066 39.966 -36.2047
-4.46094 2.83469 291.348 199.591 12.103 39.7055 -36.3792
-4.45312 2.92923 291.658 199.306 12.0993 39.4449 -36.5533
-4.44531 3.02374 291.965 199.02 12.0956 39.1843 -36.7271
-4.4375 3.11822 292.27 198.732 12.0917 38.9236 -36.9005
-4.42969 3.21267 292.573 198.443 12.0878 38.6628 -37.0735
-4.42188 3.30709 292.874 198.153 12.0837 38.4019 -37.2462
-4.41406 3.40148 293.173 197.862 12.0796 38.141 -37.4184
-4.40625 3.49584 293.47 197.569 12.0755 37.8799 -37.5903
-4.39844 3.59016 293.765 197.274 12.0712 37.6188 -37.7619
-4.39062 3.68445 294.058 196.978 12.0669 37.3576 -37.9331
-4.38281 3.77871 294.349 196.681 12.0624 37.0963 -38.1039
-4.375 3.87293 294.637 196.383 12.0579 36.8349 -38.2744
-4.36719 3.96711 294.924 196.083 12.0533 36.5735 -38.4445
-4.35938 4.06126 295.209 195.782 12.0487 36.3119 -38.6142
-4.35156 4.15537 295.491 195.48 12.0439 36.0502 -38.7836
-4.34375 4.24944 295.772 195.176 12.0391 35.7885 -38.9526
-4.33594 4.34348 296.051 194.871 12.0342 35.5266 -39.1213
-4.32812 4.43748 296.327 194.565 12.0292 35.2646 -39.2896
-4.32031 4.53144 296.602 194.258 12.0241 35.0025 -39.4576
-4.3125 4.62535 296.874 193.949 12.019 34.7403 -39.6253
-4.30469 4.71923 297.144 193.638 12.0137 34.478 -39.7926
-4.29688 4.81307 297.413 193.327 12.0084 34.2156 -39.9595
-4.28906 4.90686 297.679 193.014 12.003 33.9531 -40.1261
-4.28125 5.00062 297.943 192.7 11.9975 33.6904 -40.2924
-4.27344 5.09432 298.205 192.384 11.992 33.4277 -40.4583
-4.26562 5.18799 298.466 192.068 11.9863 33.1648 -40.6239
-4.25781 5.28161 298.724 191.75 11.9806 32.9018 -40.7891
-4.25 5.37519 298.98 191.43 11.9748 32.6386 -40.954
-4.24219 5.46872 299.234 191.11 11.9689 32.3754 -41.1186
-4.23438 5.5622 299.486 190.788 11.9629 32.112 -41.2829
-4.22656 5.65564 299.735 190.465 11.9569 31.8485 -41.4468
-4.21875 5.74903 299.983 190.14 11.9508 31.5848 -41.6103
-4.21094 5.84237 300.229 189.815 11.9446 31.321 -41.7736
-4.20312 5.93566 300.473 189.488 11.9383 31.0571 -41.9365
-4.19531 6.0289 300.714 189.159 11.9319 30.793 -42.0991
-4.1875 6.1221 300.954 188.83 11.9255 30.5288 -42.2614
-4.17969 6.21524 301.191 188.499 11.9189 30.2644 -42.4233
-4.17188 6.30833 301.427 188.167 11.9123 29.9999 -42.585
-4.16406 6.40137 301.66 187.834 11.9056 29.7352 -42.7463
-4.15625 6.49435 301.891 187.499 11.8989 29.4704 -42.9073
-4.14844 6.58729 302.12 187.163 11.892 29.2054 -43.0679
-4.14062 6.68017 302.348 186.826 11.8851 28.9403 -43.2283
-4.13281 6.77299 302.573 186.488 11.8781 28.675 -43.3883
-4.125 6.86576 302.796 186.148 11.871 28.4096 -43.548
-4.11719 6.95847 303.017 185.807 11.8638 28.144 -43.7074
-4.10938 7.05113 303.235 185.465 11.8565 27.8782 -43.8665
-4.10156 7.14373 303.452 185.122 11.8492 27.6123 -44.0253
-4.09375 7.23627 303.667 184.777 11.8418 27.3462 -44.1838
-4.08594 7.32876 303.879 184.432 11.8343 27.0799 -44.3419
-4.07812 7.42119 304.09 184.085 11.8267 26.8134 -44.4998
-4.07031 7.51355 304.298 183.736 11.819 26.5468 -44.6573
-4.0625 7.60586 304.505 183.387 11.8113 26.28 -44.8145
-4.05469 7.6981 304.709 183.036 11.8035 26.013 -44.9715
-4.04688 7.79029 304.911 182.684 11.7956 25.7459 -45.1281
-4.03906 7.88241 305.111 182.331 11.7876 25.4785 -45.2844
-4.03125 7.97447 305.309 181.977 11.7795 25.2109 -45.4404
-4.02344 8.06646 305.505 181.621 11.7714 24.9432 -45.5962
-4.01562 8.15839 305.699 181.264 11.7631 24.6753 -45.7516
-4.00781 8.25026 305.891 180.906 11.7548 24.4072 -45.9067
-4 8.34206 306.08 180.547 11.7464 24.1388 -46.0615
-3.99219 8.4338 306.268 180.186 11.7379 23.8703 -46.216
-3.98438 8.52547 306.453 179.825 11.7294 23.6016 -46.3703
-3.97656 8.61707 306.637 179.462 11.7207 23.3327 -46.5242
-3.96875 8.7086 306.818 179.098 11.712 23.0636 -46.6778
-3.96094 8.80007 306.997 178.732 11.7032 22.7942 -46.8312
-3.95312 8.89147 307.174 178.366 11.6943 22.5247 -46.9842
-3.94531 8.98279 307.349 177.998 11.6854 22.2549 -47.137
-3.9375 9.07405 307.522 177.629 11.6763 21.9849 -47.2895
-3.92969 9.16524 307.693 177.259 11.6672 21.7147 -47.4417
-3.92188 9.25635 307.861 176.888 11.658 21.4443 -47.5936
-3.91406 9.34739 308.028 176.516 11.6487 21.1737 -47.7452
-3.90625 9.43836 308.192 176.142 11.6393 20.9028 -47.8965
-3.89844 9.52925 308.354 175.767 11.6298 20.6317 -48.0475
-3.89062 9.62008 308.514 175.391 11.6203 20.3604 -48.1982
-3.88281 9.71082 308.672 175.014 11.6106 20.0888 -48.3487
-3.875 9.80149 308.828 174.636 11.6009 19.817 -48.4989
-3.86719 9.89208 308.982 174.257 11.5911 19.545 -48.6488
-3.85938 9.9826 309.134 173.876 11.5812 19.2727 -48.7984
-3.85156 10.073 309.283 173.494 11.5712 19.0002 -48.9477
-3.84375 10.1634 309.43 173.111 11.5612 18.7274 -49.0968
-3.83594 10.2537 309.576 172.727 11.5511 18.4544 -49.2455
-3.82812 10.3439 309.719 172.342 11.5408 18.1812 -49.394
-3.82031 10.434 309.86 171.955 11.5305 17.9077 -49.5422
-3.8125 10.5241 309.999 171.567 11.5201 17.6339 -49.6901
-3.80469 10.614 310.135 171.179 11.5097 17.3599 -49.8378
-3.79688 10.7039 310.27 170.789 11.4991 17.0856 -49.9852
-3.78906 10.7937 310.402 170.398 11.4885 16.811 -50.1323
-3.78125 10.8834 310.533 170.005 11.4777 16.5362 -50.2791
-3.77344 10.973 310.661 169.612 11.4669 16.2611 -50.4256
-3.76562 11.0626 310.787 169.218 11.456 15.9858 -50.5719
-3.75781 11.152 310.91 168.822 11.445 15.7102 -50.7179
-3.75 11.2414 311.032 168.425 11.4339 15.4343 -50.8636
-3.74219 11.3307 311.152 168.027 11.4228 15.1581 -51.0091
-3.73438 11.4199 311.269 167.628 11.4115 14.8816 -51.1543
-3.72656 11.509 311.384 167.228 11.4002 14.6049 -51.2992
-3.71875 11.598 311.497 166.827 11.3888 14.3279 -51.4438
-3.71094 11.6869 311.608 166.424 11.3773 14.0505 -51.5882
-3.70312 11.7758 311.717 166.02 11.3657 13.7729 -51.7323
-3.69531 11.8645 311.823 165.616 11.354 13.495 -51.8761
-3.6875 11.9532 311.928 165.21 11.3422 13.2168 -52.0197
-3.67969 12.0417 312.03 164.803 11.3303 12.9383 -52.163
-3.67188 12.1302 312.13 164.395 11.3184 12.6595 -52.306
-3.66406 12.2186 312.227 163.986 11.3064 12.3804 -52.4488
-3.65625 12.3069 312.323 163.575 11.2942 12.101 -52.5912
-3.64844 12.3951 312.417 163.164 11.282 11.8212 -52.7335
-3.64062 12.4832 312.508 162.751 11.2697 11.5412 -52.8754
-3.63281 12.5712 312.597 162.338 11.2573 11.2608 -53.0171
-3.625 12.6591 312.684 161.923 11.2448 10.9801 -53.1586
-3.61719 12.7469 312.768 161.507 11.2323 10.6991 -53.2997
-3.60938 12.8346 312.851 161.09 11.2196 10.4178 -53.4406
-3.60156 12.9222 312.931 160.672 11.2069 10.1362 -53.5813
-3.59375 13.0097 313.009 160.253 11.194 9.85417 -53.7216
-3.58594 13.0971 313.085 159.833 11.1811 9.57185 -53.8618
-3.57812 13.1844 313.159 159.411 11.168 9.28919 -54.0016
-3.57031 13.2716 313.23 158.989 11.1549 9.00619 -54.1412
-3.5625 13.3587 313.3 158.565 11.1417 8.72285 -54.2805
-3.55469 13.4457 313.367 158.141 11.1284 8.43917 -54.4196
-3.54688 13.5325 313.431 157.715 11.115 8.15513 -54.5584
-3.53906 13.6193 313.494 157.288 11.1015 7.87075 -54.6969
-3.53125 13.706 313.554 156.86 11.088 7.58601 -54.8352
-3.52344 13.7926 313.613 156.432 11.0743 7.30091 -54.9732
-3.51562 13.879 313.669 156.002 11.0605 7.01545 -55.111
-3.50781 13.9654 313.722 155.57 11.0467 6.72963 -55.2485
-3.5 14.0516 313.774 155.138 11.0327 6.44345 -55.3858
-3.49219 14.1378 313.823 154.705 11.0187 6.15689 -55.5227
-3.48438 14.2238 313.87 154.271 11.0045 5.86996 -55.6595
-3.47656 14.3097 313.915 153.835 10.9903 5.58265 -55.7959
-3.46875 14.3955 313.957 153.399 10.9759 5.29497 -55.9321
-3.46094 14.4812 313.997 152.961 10.9615 5.0069 -56.0681
-3.45312 14.5668 314.035 152.523 10.947 4.71845 -56.2038
-3.44531 14.6523 314.071 152.083 10.9323 4.42961 -56.3392
-3.4375 14.7376 314.105 151.643 10.9176 4.14038 -56.4744
-3.42969 14.8229 314.136 151.201 10.9028 3.85075 -56.6093
-3.42188 14.908 314.165 150.758 10.8879 3.56073 -56.744
-3.41406 14.993 314.191 150.314 10.8729 3.2703 -56.8784
-3.40625 15.0779 314.216 149.869 10.8578 2.97947 -57.0125
-3.39844 15.1626 314.238 149.423 10.8426 2.68824 -57.1464
-3.39062 15.2473 314.258 148.976 10.8273 2.39659 -57.2801
-3.38281 15.3318 314.275 148.528 10.8118 2.10452 -57.4134
-3.375 15.4162 314.291 148.079 10.7963 1.81204 -57.5466
-3.36719 15.5005 314.304 147.629 10.7807 1.51914 -57.6794
-3.35938 15.5847 314.314 147.178 10.765 1.22581 -57.812
-3.35156 15.6687 314.323 146.726 10.7492 0.932055 -57.9444
-3.34375 15.7526 314.329 146.273 10.7333 0.637868 -58.0765
-3.33594 15.8364 314.333 145.818 10.7173 0.343246 -58.2083
-3.32812 15.9201 314.334 145.363 10.7012 0.0481855 -58.3399
-3.32031 16.0036 314.334 144.907 10.6849 -0.247317 -58.4712
-3.3125 16.087 314.33 144.45 10.6686 -0.543265 -58.6023
-3.30469 16.1703 314.325 143.991 10.6522 -0.839661 -58.7331
-3.29688 16.2535 314.317 143.532 10.6357 -1.13651 -58.8637
-3.28906 16.3365 314.307 143.072 10.619 -1.43382 -58.994
-3.28125 16.4194 314.295 142.61 10.6023 -1.73158 -59.124
-3.27344 16.5022 314.28 142.148 10.5854 -2.02981 -59.2538
-3.26562 16.5848 314.263 141.684 10.5685 -2.3285 -59.3833
-3.25781 16.6673 314.244 141.22 10.5514 -2.62767 -59.5126
-3.25 16.7497 314.222 140.754 10.5343 -2.92731 -59.6416
-3.24219 16.8319 314.198 140.288 10.517 -3.22743 -59.7704
-3.23438 16.914 314.172 139.82 10.4996 -3.52803 -59.8989
-3.22656 16.9959 314.143 139.352 10.4821 -3.82912 -60.0271
-3.21875 17.0778 314.112 138.883 10.4646 -4.13069 -60.1551
-3.21094 17.1595 314.078 138.412 10.4468 -4.43276 -60.2829
-3.20312 17.241 314.043 137.941 10.429 -4.73533 -60.4103
-3.19531 17.3224 314.004 137.468 10.4111 -5.03839 -60.5376
-3.1875 17.4037 313.964 136.995 10.3931 -5.34197 -60.6645
-3.17969 17.4848 313.921 136.52 10.3749 -5.64605 -60.7912
-3.17188 17.5658 313.876 136.045 10.3567 -5.95064 -60.9177
-3.16406 17.6466 313.828 135.568 10.3383 -6.25575 -61.0438
-3.15625 17.7273 313.778 135.091 10.3198 -6.56138 -61.1698
-3.14844 17.8079 313.725 134.613 10.3012 -6.86754 -61.2954
-3.14062 17.8883 313.671 134.133 10.2825 -7.17422 -61.4208
-3.13281 17.9685 313.613 133.653 10.2637 -7.48144 -61.546
-3.125 18.0486 313.554 133.172 10.2448 -7.78919 -61.6709
-3.11719 18.1286 313.492 132.689 10.2257 -8.09749 -61.7955
-3.10938 18.2084 313.427 132.206 10.2065 -8.40633 -61.9198
-3.10156 18.2881 313.36 131.722 10.1872 -8.71572 -62.0439
-3.09375 18.3676 313.291 131.237 10.1678 -9.02567 -62.1678
-3.08594 18.447 313.219 130.751 10.1483 -9.33617 -62.2914
-3.07812 18.5262 313.145 130.263 10.1287 -9.64724 -62.4147
-3.07031 18.6052 313.069 129.775 10.1089 -9.95887 -62.5377
-3.0625 18.6841 312.99 129.286 10.089 -10.2711 -62.6605
-3.05469 18.7629 312.908 128.796 10.069 -10.5839 -62.783
-3.04688 18.8414 312.824 128.305 10.0489 -10.8972 -62.9053
-3.03906 18.9199 312.738 127.813 10.0287 -11.2112 -63.0273
-3.03125 18.9981 312.649 127.32 10.0083 -11.5257 -63.149
-3.02344 19.0762 312.558 126.827 9.98783 -11.8408 -63.2705
-3.01562 19.1542 312.464 126.332 9.96722 -12.1565 -63.3917
-3.00781 19.232 312.368 125.836 9.94649 -12.4729 -63.5126
-3 19.3096 312.269 125.339 9.92563 -12.7898 -63.6333
-2.99219 19.3871 312.168 124.842 9.90464 -13.1073 -63.7537
-2.98438 19.4644 312.064 124.343 9.88353 -13.4255 -63.8738
-2.97656 19.5415 311.958 123.844 9.86229 -13.7443 -63.9937
-2.96875 19.6185 311.85 123.343 9.84092 -14.0637 -64.1133
-2.96094 19.6953 311.738 122.842 9.81943 -14.3837 -64.2326
-2.95312 19.7719 311.625 122.34 9.7978 -14.7044 -64.3516
-2.94531 19.8484 311.509 121.837 9.77605 -15.0257 -64.4704
-2.9375 19.9246 311.39 121.332 9.75416 -15.3477 -64.5889
-2.92969 20.0008 311.269 120.827 9.73215 -15.6703 -64.7071
-2.92188 20.0767 311.145 120.321 9.71 -15.9936 -64.8251
-2.91406 20.1525 311.019 119.814 9.68772 -16.3175 -64.9428
-2.90625 20.2281 310.89 119.307 9.6653 -16.6421 -65.0602
-2.89844 20.3035 310.759 118.798 9.64275 -16.9674 -65.1773
-2.89062 20.3787 310.625 118.288 9.62007 -17.2933 -65.2942
-2.88281 20.4538 310.489 117.778 9.59725 -17.6199 -65.4108
-2.875 20.5287 310.35 117.266 9.57429 -17.9472 -65.5271
-2.86719 20.6034 310.208 116.754 9.5512 -18.2752 -65.6431
-2.85938 20.6779 310.064 116.241 9.52796 -18.6039 -65.7588
-2.85156 20.7523 309.918 115.726 9.50459 -18.9333 -65.8743
-2.84375 20.8264 309.768 115.211 9.48108 -19.2635 -65.9895
-2.83594 20.9004 309.617 114.695 9.45742 -19.5943 -66.1043
-2.82812 20.9742 309.462 114.178 9.43363 -19.9258 -66.219
-2.82031 21.0478 309.305 113.661 9.40969 -20.2581 -66.3333
-2.8125 21.1212 309.146 113.142 9.38561 -20.5911 -66.4473
-2.80469 21.1945 308.983 112.622 9.36138 -20.9248 -66.5611
-2.79688 21.2675 308.819 112.102 9.33701 -21.2593 -66.6745
-2.78906 21.3404 308.651 111.581 9.31249 -21.5945 -66.7877
-2.78125 21.413 308.481 111.058 9.28782 -21.9305 -66.9006
-2.77344 21.4855 308.309 110.535 9.26301 -22.2672 -67.0132
-2.76562 21.5578 308.133 110.011 9.23804 -22.6047 -67.1255
-2.75781 21.6298 307.955 109.486 9.21293 -22.9429 -67.2375
-2.75 21.7017 307.775 108.961 9.18766 -23.282 -67.3492
-2.74219 21.7734 307.592 108.434 9.16225 -23.6218 -67.4607
-2.73438 21.8449 307.406 107.907 9.13668 -23.9624 -67.5718
-2.72656 21.9161 307.217 107.378 9.11095 -24.3038 -67.6826
-2.71875 21.9872 307.026 106.849 9.08507 -24.646 -67.7931
-2.71094 22.0581 306.832 106.319 9.05904 -24.989 -67.9034
-2.70312 22.1288 306.636 105.788 9.03284 -25.3329 -68.0133
-2.69531 22.1992 306.436 105.256 9.00649 -25.6775 -68.1229
-2.6875 22.2695 306.234 104.724 8.97998 -26.023 -68.2322
-2.67969 22.3396 306.03 104.19 8.95331 -26.3693 -68.3412
-2.67188 22.4094 305.822 103.656 8.92648 -26.7164 -68.4499
-2.66406 22.479 305.612 103.121 8.89948 -27.0644 -68.5583
-2.65625 22.5484 305.399 102.585 8.87232 -27.4133 -68.6664
-2.64844 22.6177 305.184 102.048 8.845 -27.763 -68.7742
-2.64062 22.6867 304.966 101.51 8.81751 -28.1135 -68.8816
-2.63281 22.7554 304.745 100.971 8.78985 -28.465 -68.9888
-2.625 22.824 304.521 100.432 8.76203 -28.8173 -69.0956
-2.61719 22.8923 304.294 99.8918 8.73403 -29.1705 -69.2021
-2.60938 22.9605 304.065 99.3508 8.70587 -29.5246 -69.3083
-2.60156 23.0284 303.833 98.8089 8.67753 -29.8796 -69.4142
-2.59375 23.096 303.598 98.2662 8.64902 -30.2355 -69.5197
-2.58594 23.1635 303.361 97.7227 8.62034 -30.5923 -69.6249
-2.57812 23.2307 303.12 97.1783 8.59148 -30.95 -69.7298
-2.57031 23.2977 302.877 96.6331 8.56244 -31.3087 -69.8344
-2.5625 23.3645 302.631 96.0871 8.53322 -31.6683 -69.9386
-2.55469 23.4311 302.382 95.5403 8.50383 -32.0288 -70.0425
-2.54688 23.4974 302.131 94.9927 8.47425 -32.3903 -70.1461
-2.53906 23.5635 301.876 94.4443 8.4445 -32.7528 -70.2493
-2.53125 23.6293 301.619 93.8951 8.41456 -33.1162 -70.3522
-2.52344 23.695 301.359 93.3451 8.38443 -33.4806 -70.4547
-2.51562 23.7603 301.096 92.7942 8.35412 -33.846 -70.557
-2.50781 23.8255 300.83 92.2426 8.32362 -34.2124 -70.6588
-2.5 23.8904 300.561 91.6902 8.29293 -34.5797 -70.7603
-2.49219 23.9551 300.289 91.137 8.26205 -34.9481 -70.8615
-2.48438 24.0195 300.015 90.583 8.23098 -35.3175 -70.9623
-2.47656 24.0837 299.738 90.0282 8.19971 -35.6879 -71.0628
-2.46875 24.1476 299.457 89.4726 8.16825 -36.0593 -71.1629
-2.46094 24.2113 299.174 88.9163 8.1366 -36.4318 -71.2627
-2.45312 24.2748 298.888 88.3591 8.10474 -36.8053 -71.3621
-2.44531 24.3379 298.599 87.8012 8.07269 -37.1799 -71.4611
-2.4375 24.4009 298.307 87.2426 8.04044 -37.5556 -71.5598
-2.42969 24.4636 298.012 86.6831 8.00798 -37.9323 -71.6581
-2.42188 24.526 297.714 86.1229 7.97532 -38.3101 -71.756
-2.41406 24.5882 297.414 85.5619 7.94245 -38.689 -71.8536
-2.40625 24.6501 297.11 85.0002 7.90938 -39.069 -71.9508
-2.39844 24.7118 296.803 84.4377 7.8761 -39.4501 -72.0476
-2.39062 24.7732 296.494 83.8745 7.8426 -39.8323 -72.144
-2.38281 24.8343 296.181 83.3105 7.8089 -40.2156 -72.2401
-2.375 24.8952 295.865 82.7457 7.77498 -40.6001 -72.3357
-2.36719 24.9558 295.546 82.1802 7.74084 -40.9857 -72.431
-2.35938 25.0161 295.225 81.614 7.70649 -41.3725 -72.5259
-2.35156 25.0762 294.9 81.047 7.67192 -41.7605 -72.6204
-2.34375 25.136 294.572 80.4793 7.63712 -42.1496 -72.7145
-2.33594 25.1955 294.241 79.9108 7.60211 -42.5399 -72.8081
-2.32812 25.2548 293.908 79.3417 7.56686 -42.9314 -72.9014
-2.32031 25.3138 293.571 78.7718 7.53139 -43.3241 -72.9943
-2.3125 25.3725 293.231 78.2011 7.4957 -43.718 -73.0868
-2.30469 25.4309 292.888 77.6298 7.45977 -44.1131 -73.1789
-2.29688 25.489 292.541 77.0577 7.42361 -44.5095 -73.2705
-2.28906 25.5469 292.192 76.4849 7.38721 -44.9071 -73.3617
-2.28125 25.6044 291.84 75.9114 7.35058 -45.306 -73.4525
-2.27344 25.6617 291.484 75.3372 7.31371 -45.7061 -73.5429
-2.26562 25.7187 291.126 74.7623 7.2766 -46.1075 -73.6329
-2.25781 25.7754 290.764 74.1867 7.23925 -46.5102 -73.7224
-2.25 25.8318 290.399 73.6104 7.20165 -46.9142 -73.8114
-2.24219 25.888 290.031 73.0334 7.16381 -47.3195 -73.9001
-2.23438 25.9438 289.659 72.4557 7.12571 -47.7262 -73.9883
-2.22656 25.9993 289.285 71.8774 7.08737 -48.1341 -74.076
-2.21875 26.0545 288.907 71.2983 7.04877 -48.5434 -74.1633
-2.21094 26.1094 288.526 70.7186 7.00992 -48.9541 -74.2501
-2.20312 26.164 288.142 70.1381 6.97081 -49.3661 -74.3365
-2.19531 26.2183 287.755 69.557 6.93143 -49.7795 -74.4224
-2.1875 26.2723 287.365 68.9753 6.8918 -50.1943 -74.5079
-2.17969 26.326 286.971 68.3929 6.8519 -50.6105 -74.5928
-2.17188 26.3794 286.574 67.8098 6.81173 -51.0281 -74.6773
-2.16406 26.4325 286.174 67.226 6.7713 -51.4471 -74.7613
-2.15625 26.4852 285.77 66.6416 6.73059 -51.8676 -74.8449
-2.14844 26.5376 285.363 66.0566 6.6896 -52.2895 -74.9279
-2.14062 26.5897 284.953 65.4709 6.64834 -52.7129 -75.0104
-2.13281 26.6415 284.539 64.8845 6.6068 -53.1378 -75.0925
-2.125 26.693 284.123 64.2976 6.56498 -53.5641 -75.174
-2.11719 26.7441 283.702 63.71 6.52287 -53.992 -75.255
-2.10938 26.7949 283.279 63.1217 6.48048 -54.4214 -75.3355
-2.10156 26.8453 282.852 62.5328 6.43779 -54.8523 -75.4155
-2.09375 26.8955 282.422 61.9433 6.39481 -55.2847 -75.495
-2.08594 26.9453 281.988 61.3532 6.35153 -55.7187 -75.5739
-2.07812 26.9947 281.551 60.7625 6.30796 -56.1543 -75.6523
-2.07031 27.0438 281.111 60.1712 6.26408 -56.5914 -75.7301
-2.0625 27.0926 280.667 59.5792 6.2199 -57.0302 -75.8075
-2.05469 27.141 280.22 58.9867 6.17542 -57.4706 -75.8842
-2.04688 27.1891 279.769 58.3935 6.13062 -57.9126 -75.9604
-2.03906 27.2368 279.315 57.7998 6.08551 -58.3562 -76.036
-2.03125 27.2842 278.857 57.2055 6.04008 -58.8015 -76.1111
-2.02344 27.3312 278.396 56.6106 5.99433 -59.2485 -76.1856
-2.01562 27.3778 277.931 56.0151 5.94826 -59.6971 -76.2595
-2.00781 27.4241 277.463 55.419 5.90186 -60.1475 -76.3328
-2 27.47 276.992 54.8224 5.85514 -60.5996 -76.4055
-1.99219 27.5156 276.516 54.2252 5.80808 -61.0534 -76.4776
-1.98438 27.5608 276.038 53.6274 5.76069 -61.509 -76.5491
-1.97656 27.6056 275.555 53.0291 5.71295 -61.9663 -76.62
-1.96875 27.65 275.069 52.4302 5.66488 -62.4254 -76.6903
-1.96094 27.6941 274.58 51.8308 5.61645 -62.8863 -76.76
-1.95312 27.7378 274.087 51.2309 5.56768 -63.3491 -76.829
-1.94531 27.7811 273.59 50.6304 5.51856 -63.8137 -76.8973
-1.9375 27.824 273.09 50.0293 5.46908 -64.2801 -76.965
-1.92969 27.8666 272.586 49.4278 5.41923 -64.7484 -77.0321
-1.92188 27.9087 272.078 48.8257 5.36903 -65.2185 -77.0985
-1.91406 27.9504 271.567 48.2231 5.31845 -65.6906 -77.1642
-1.90625 27.9918 271.052 47.62 5.2675 -66.1646 -77.2292
-1.89844 28.0328 270.533 47.0164 5.21618 -66.6406 -77.2936
-1.89062 28.0733 270.01 46.4123 5.16448 -67.1185 -77.3572
-1.88281 28.1134 269.484 45.8077 5.11239 -67.5983 -77.4202
-1.875 28.1532 268.954 45.2026 5.05991 -68.0802 -77.4824
-1.86719 28.1925 268.42 44.5971 5.00705 -68.5641 -77.5439
-1.85938 28.2314 267.883 43.991 4.95378 -69.05 -77.6047
-1.85156 28.2699 267.341 43.3845 4.90012 -69.538 -77.6647
-1.84375 28.308 266.796 42.7775 4.84605 -70.0281 -77.724
-1.83594 28.3456 266.247 42.1701 4.79157 -70.5202 -77.7825
-1.82812 28.3828 265.694 41.5622 4.73667 -71.0145 -77.8402
-1.82031 28.4196 265.138 40.9538 4.68136 -71.5109 -77.8972
-1.8125 28.456 264.577 40.345 4.62563 -72.0095 -77.9533
-1.80469 28.4919 264.013 39.7358 4.56946 -72.5102 -78.0087
-1.79688 28.5274 263.444 39.1261 4.51287 -73.0132 -78.0633
-1.78906 28.5624 262.872 38.5161 4.45583 -73.5183 -78.117
-1.78125 28.597 262.295 37.9056 4.39836 -74.0257 -78.1699
-1.77344 28.6311 261.715 37.2947 4.34043 -74.5354 -78.222
-1.76562 28.6648 261.131 36.6833 4.28206 -75.0474 -78.2732
-1.75781 28.698 260.542 36.0716 4.22322 -75.5617 -78.3236
-1.75 28.7308 259.95 35.4595 4.16392 -76.0783 -78.373
-1.74219 28.7631 259.354 34.8471 4.10416 -76.5972 -78.4216
-1.73438 28.7949 258.753 34.2342 4.04392 -77.1186 -78.4693
-1.72656 28.8263 258.149 33.621 3.9832 -77.6424 -78.5161
-1.71875 28.8572 257.54 33.0074 3.92199 -78.1686 -78.5619
-1.71094 28.8876 256.927 32.3935 3.8603 -78.6972 -78.6068
-1.70312 28.9175 256.31 31.7792 3.79811 -79.2284 -78.6508
-1.69531 28.9469 255.689 31.1645 3.73541 -79.7621 -78.6938
-1.6875 28.9758 255.064 30.5496 3.67221 -80.2982 -78.7358
-1.67969 29.0043 254.435 29.9343 3.60849 -80.837 -78.7768
-1.67188 29.0322 253.801 29.3187 3.54425 -81.3784 -78.8168
-1.66406 29.0597 253.163 28.7028 3.47949 -81.9223 -78.8558
-1.65625 29.0866 252.521 28.0866 3.41419 -82.4689 -78.8937
-1.64844 29.113 251.875 27.4701 3.34835 -83.0182 -78.9306
-1.64062 29.1389 251.224 26.8533 3.28196 -83.5702 -78.9664
-1.63281 29.1643 250.569 26.2362 3.21502 -84.1249 -79.0012
-1.625 29.1891 249.909 25.6189 3.14752 -84.6824 -79.0348
-1.61719 29.2135 249.246 25.0013 3.07945 -85.2426 -79.0674
-1.60938 29.2373 248.577 24.3835 3.01081 -85.8057 -79.0987
-1.60156 29.2605 247.905 23.7654 2.94158 -86.3716 -79.129
-1.59375 29.2832 247.228 23.1471 2.87177 -86.9404 -79.1581
-1.58594 29.3054 246.546 22.5286 2.80136 -87.5121 -79.1859
-1.57812 29.327 245.86 21.9098 2.73034 -88.0868 -79.2126
-1.57031 29.348 245.17 21.2909 2.65872 -88.6644 -79.2381
-1.5625 29.3685 244.475 20.6717 2.58647 -89.245 -79.2623
-1.55469 29.3884 243.776 20.0524 2.51359 -89.8287 -79.2853
-1.54688 29.4078 243.071 19.4329 2.44008 -90.4155 -79.3069
-1.53906 29.4266 242.363 18.8132 2.36592 -91.0053 -79.3273
-1.53125 29.4448 241.649 18.1934 2.29111 -91.5983 -79.3463
-1.52344 29.4624 240.932 17.5735 2.21564 -92.1945 -79.364
-1.51562 29.4794 240.209 16.9534 2.13949 -92.7939 -79.3804
-1.50781 29.4958 239.482 16.3331 2.06267 -93.3966 -79.3953
-1.5 29.5116 238.75 15.7128 1.98515 -94.0025 -79.4088
-1.49219 29.5268 238.013 15.0924 1.90694 -94.6118 -79.4209
-1.48438 29.5414 237.271 14.4719 1.82802 -95.2244 -79.4315
-1.47656 29.5554 236.525 13.8513 1.74838 -95.8404 -79.4406
-1.46875 29.5687 235.774 13.2306 1.66802 -96.4599 -79.4483
-1.46094 29.5814 235.018 12.6099 1.58691 -97.0828 -79.4544
-1.45312 29.5935 234.257 11.9891 1.50506 -97.7093 -79.4589
-1.44531 29.6049 233.491 11.3684 1.42245 -98.3393 -79.4618
-1.4375 29.6157 232.72 10.7476 1.33907 -98.973 -79.4631
-1.42969 29.6259 231.945 10.1268 1.25491 -99.6103 -79.4628
-1.42188 29.6353 231.164 9.50596 1.16996 -100.251 -79.4608
-1.41406 29.6441 230.378 8.88519 1.08421 -100.896 -79.4571
-1.40625 29.6523 229.587 8.26445 0.997643 -101.544 -79.4516
-1.39844 29.6597 228.791 7.64377 0.91025 -102.197 -79.4444
-1.39062 29.6665 227.99 7.02314 0.822018 -102.853 -79.4354
-1.38281 29.6726 227.184 6.4026 0.732937 -103.513 -79.4245
-1.375 29.6779 226.373 5.78214 0.642992 -104.177 -79.4118
-1.36719 29.6826 225.557 5.16179 0.552172 -104.845 -79.3972
-1.35938 29.6866 224.735 4.54157 0.460463 -105.517 -79.3807
-1.35156 29.6898 223.908 3.92148 0.367853 -106.193 -79.3622
-1.34375 29.6923 223.076 3.30154 0.274327 -106.874 -79.3416
-1.33594 29.6941 222.238 2.68177 0.179872 -107.558 -79.3191
-1.32812 29.6951 221.395 2.06219 0.0844727 -108.247 -79.2944
-1.32031 29.6954 220.547 1.44281 -0.0118842 -108.94 -79.2676
-1.3125 29.6949 219.693 0.823642 -0.109214 -109.638 -79.2387
-1.30469 29.6937 218.833 0.204711 -0.207531 -110.34 -79.2075
-1.29688 29.6917 217.969 -0.413967 -0.306852 -111.046 -79.1741
-1.28906 29.6889 217.098 -1.03238 -0.407191 -111.757 -79.1384
-1.28125 29.6853 216.222 -1.6505 -0.508565 -112.473 -79.1004
-1.27344 29.6809 215.341 -2.26831 -0.610991 -113.193 -79.06
-1.26562 29.6758 214.454 -2.8858 -0.714485 -113.918 -79.0172
-1.25781 29.6698 213.561 -3.50294 -0.819064 -114.648 -78.9718
-1.25 29.663 212.662 -4.11972 -0.924746 -115.382 -78.924
-1.24219 29.6553 211.758 -4.73612 -1.03155 -116.122 -78.8735
-1.23438 29.6468 210.848 -5.35211 -1.13949 -116.866 -78.8204
-1.22656 29.6375 209.932 -5.96768 -1.24859 -117.616 -78.7647
-1.21875 29.6273 209.01 -6.5828 -1.35887 -118.37 -78.7062
-1.21094 29.6163 208.082 -7.19745 -1.47034 -119.13 -78.6449
-1.20312 29.6043 207.149 -7.81161 -1.58303 -119.895 -78.5807
-1.19531 29.5915 206.209 -8.42526 -1.69696 -120.665 -78.5136
-1.1875 29.5778 205.263 -9.03838 -1.81214 -121.441 -78.4435
-1.17969 29.5632 204.312 -9.65093 -1.92861 -122.222 -78.3704
-1.17188 29.5477 203.354 -10.2629 -2.04637 -123.008 -78.2941
-1.16406 29.5312 202.39 -10.8743 -2.16546 -123.8 -78.2147
-1.15625 29.5138 201.419 -11.485 -2.2859 -124.598 -78.1321
-1.14844 29.4955 200.443 -12.0951 -2.4077 -125.402 -78.0461
-1.14062 29.4762 199.46 -12.7045 -2.5309 -126.211 -77.9567
-1.13281 29.456 198.471 -13.3131 -2.65552 -127.026 -77.8638
-1.125 29.4347 197.475 -13.9211 -2.78159 -127.848 -77.7674
-1.11719 29.4125 196.473 -14.5282 -2.90912 -128.675 -77.6674
-1.10938 29.3893 195.464 -15.1346 -3.03815 -129.508 -77.5637
-1.10156 29.365 194.449 -15.7401 -3.16871 -130.348 -77.4562
-1.09375 29.3397 193.428 -16.3448 -3.30082 -131.194 -77.3448
-1.08594 29.3134 192.399 -16.9486 -3.4345 -132.046 -77.2294
-1.07812 29.2861 191.364 -17.5515 -3.5698 -132.905 -77.11
-1.07031 29.2576 190.323 -18.1535 -3.70674 -133.771 -76.9864
-1.0625 29.2281 189.274 -18.7544 -3.84535 -134.643 -76.8585
-1.05469 29.1976 188.219 -19.3544 -3.98566 -135.522 -76.7263
-1.04688 29.1659 187.157 -19.9533 -4.1277 -136.408 -76.5897
-1.03906 29.1331 186.088 -20.5511 -4.27151 -137.301 -76.4484
-1.03125 29.0991 185.011 -21.1477 -4.41713 -138.201 -76.3025
-1.02344 29.064 183.928 -21.7433 -4.56458 -139.108 -76.1518
-1.01562 29.0278 182.838 -22.3376 -4.7139 -140.023 -75.9962
-1.00781 28.9904 181.74 -22.9307 -4.86513 -140.945 -75.8356
-1 28.9518 180.635 -23.5225 -5.01876 -141.876 -75.6711
-0.992188 28.9119 179.523 -24.113 -5.17471 -142.817 -75.5031
-0.984375 28.8709 178.404 -24.7022 -5.33267 -143.766 -75.3299
-0.976562 28.8286 177.277 -25.29 -5.49281 -144.723 -75.1511
-0.96875 28.7851 176.143 -25.8764 -5.65514 -145.688 -74.9665
-0.960938 28.7402 175.001 -26.4614 -5.81969 -146.661 -74.7761
-0.953125 28.6941 173.851 -27.0448 -5.98653 -147.642 -74.5796
-0.945312 28.6467 172.694 -27.6267 -6.15573 -148.632 -74.3769
-0.9375 28.5979 171.529 -28.2069 -6.32734 -149.63 -74.1677
-0.929688 28.5478 170.356 -28.7855 -6.50145 -150.636 -73.9518
-0.921875 28.4963 169.175 -29.3624 -6.67812 -151.651 -73.729
-0.914062 28.4435 167.986 -29.9375 -6.85741 -152.675 -73.499
-0.90625 28.3892 166.789 -30.5108 -7.03938 -153.708 -73.2617
-0.898438 28.3335 165.584 -31.0822 -7.22412 -154.75 -73.0167
-0.890625 28.2763 164.371 -31.6516 -7.4117 -155.801 -72.7639
-0.882812 28.2176 163.15 -32.2191 -7.60218 -156.861 -72.503
-0.875 28.1575 161.92 -32.7845 -7.79565 -157.93 -72.2337
-0.867188 28.0958 160.682 -33.3477 -7.99218 -159.009 -71.9557
-0.859375 28.0326 159.436 -33.9087 -8.19185 -160.097 -71.6689
-0.851562 27.9678 158.181 -34.4675 -8.39474 -161.195 -71.3729
-0.84375 27.9014 156.917 -35.0239 -8.60095 -162.303 -71.0674
-0.835938 27.8334 155.645 -35.5779 -8.81056 -163.42 -70.7521
-0.828125 27.7637 154.364 -36.1294 -9.02365 -164.548 -70.4267
-0.820312 27.6924 153.074 -36.6783 -9.24032 -165.686 -70.0908
-0.8125 27.6194 151.775 -37.2245 -9.46066 -166.835 -69.7442
-0.804688 27.5446 150.467 -37.768 -9.68477 -167.994 -69.3865
-0.796875 27.468 149.15 -38.3086 -9.91274 -169.163 -69.0174
-0.789062 27.3897 147.823 -38.8463 -10.1447 -170.344 -68.6364
-0.78125 27.3095 146.488 -39.381 -10.3807 -171.536 -68.2432
-0.773438 27.2274 145.143 -39.9126 -10.6209 -172.738 -67.8374
-0.765625 27.1435 143.789 -40.4409 -10.8654 -173.952 -67.4186
-0.757812 27.0577 142.425 -40.9659 -11.1142 -175.178 -66.9864
-0.75 26.9698 141.052 -41.4875 -11.3677 -176.415 -66.5403
-0.742188 26.88 139.669 -42.0056 -11.6257 -177.665 -66.0798
-0.734375 26.7882 138.276 -42.52 -11.8885 -178.926 -65.6047
-0.726562 26.6942 136.873 -43.0306 -12.1562 -180.199 -65.1142
-0.71875 26.5982 135.46 -43.5373 -12.4289 -181.485 -64.608
-0.710938 26.5 134.037 -44.04 -12.7068 -182.784 -64.0855
-0.703125 26.3996 132.604 -44.5386 -12.99 -184.095 -63.5461
-0.695312 26.297 131.161 -45.0329 -13.2786 -185.419 -62.9893
-0.6875 26.1921 129.707 -45.5227 -13.5728 -186.757 -62.4145
-0.679688 26.0849 128.242 -46.008 -13.8728 -188.108 -61.8211
-0.671875 25.9754 126.768 -46.4886 -14.1786 -189.472 -61.2084
-0.664062 25.8634 125.282 -46.9643 -14.4906 -190.85 -60.5758
-0.65625 25.7489 123.785 -47.435 -14.8088 -192.243 -59.9226
-0.648438 25.632 122.278 -47.9005 -15.1333 -193.649 -59.248
-0.640625 25.5124 120.76 -48.3607 -15.4645 -195.07 -58.5514
-0.632812 25.3903 119.23 -48.8153 -15.8025 -196.506 -57.8319
-0.625 25.2655 117.689 -49.2642 -16.1474 -197.956 -57.0887
-0.617188 25.138 116.137 -49.7072 -16.4995 -199.421 -56.321
-0.609375 25.0077 114.573 -50.1441 -16.859 -200.902 -55.5278
-0.601562 24.8745 112.998 -50.5747 -17.2261 -202.398 -54.7083
-0.59375 24.7385 111.411 -50.9988 -17.6009 -203.909 -53.8614
-0.585938 24.5995 109.812 -51.4162 -17.9838 -205.437 -52.9862
-0.578125 24.4574 108.201 -51.8266 -18.375 -206.98 -52.0816
-0.570312 24.3123 106.577 -52.2299 -18.7747 -208.54 -51.1464
-0.5625 24.1641 104.942 -52.6257 -19.1832 -210.115 -50.1796
-0.554688 24.0126 103.294 -53.0138 -19.6007 -211.708 -49.1798
-0.546875 23.8578 101.634 -53.394 -20.0275 -213.316 -48.1459
-0.539062 23.6996 99.9612 -53.7659 -20.4639 -214.942 -47.0765
-0.53125 23.538 98.2756 -54.1294 -20.9101 -216.584 -45.9701
-0.523438 23.3728 96.577 -54.4841 -21.3665 -218.244 -44.8254
-0.515625 23.2041 94.8654 -54.8296 -21.8334 -219.92 -43.6407
-0.507812 23.0316 93.1407 -55.1658 -22.3111 -221.613 -42.4145
-0.5 22.8554 91.4027 -55.4922 -22.7994 -223.323 -41.1462
-0.492188 22.6754 89.6512 -55.8085 -23.2985 -225.051 -39.8343
-0.484375 22.4913 87.8862 -56.1144 -23.8092 -226.796 -38.4767
-0.476562 22.3033 86.1074 -56.4095 -24.3315 -228.559 -37.0718
-0.46875 22.1111 84.3149 -56.6935 -24.8656 -230.339 -35.618
-0.460938 21.9147 82.5083 -56.9659 -25.4119 -232.137 -34.1132
-0.453125 21.714 80.6877 -57.2263 -25.9704 -233.951 -32.5558
-0.445312 21.5089 78.8528 -57.4743 -26.5414 -235.783 -30.9435
-0.4375 21.2992 77.0035 -57.7096 -27.1253 -237.631 -29.2745
-0.429688 21.085 75.1397 -57.9315 -27.7222 -239.495 -27.5462
-0.421875 20.866 73.2613 -58.1397 -28.3325 -241.375 -25.7564
-0.414062 20.6423 71.3682 -58.3337 -28.9563 -243.271 -23.9024
-0.40625 20.4135 69.4602 -58.5129 -29.5941 -245.18 -21.9816
-0.398438 20.1798 67.5372 -58.6769 -30.2461 -247.103 -19.9911
-0.390625 19.9409 65.5991 -58.825 -30.9127 -249.039 -17.9279
-0.382812 19.6967 63.6459 -58.9567 -31.594 -250.986 -15.7889
-0.375 19.4472 61.6774 -59.0714 -32.2906 -252.943 -13.5707
-0.367188 19.1921 59.6936 -59.1684 -33.0027 -254.909 -11.2699
-0.359375 18.9314 57.6945 -59.2472 -33.7306 -256.881 -8.88262
-0.351562 18.665 55.6799 -59.3069 -34.4747 -258.857 -6.40513
-0.34375 18.3927 53.6498 -59.3469 -35.2353 -260.836 -3.83336
-0.335938 18.1144 51.6043 -59.3664 -36.0126 -262.814 -1.16309
-0.328125 17.8299 49.5434 -59.3647 -36.8069 -264.788 1.61009
-0.320312 17.5392 47.467 -59.3408 -37.6186 -266.755 4.49071
-0.3125 17.2421 45.3754 -59.294 -38.4478 -268.711 7.48351
-0.304688 16.9384 43.2685 -59.2234 -39.2948 -270.651 10.5933
-0.296875 16.628 41.1465 -59.1281 -40.1595 -272.57 13.8251
-0.289062 16.3108 39.0097 -59.0069 -41.0421 -274.462 17.1839
-0.28125 15.9867 36.8582 -58.859 -41.9425 -276.322 20.6748
-0.273438 15.6554 34.6923 -58.6833 -42.8607 -278.142 24.3029
-0.265625 15.3169 32.5124 -58.4787 -43.7963 -279.915 28.0732
-0.257812 14.971 30.3188 -58.2441 -44.7489 -281.631 31.9907
-0.25 14.6177 28.1122 -57.9783 -45.7175 -283.277 36.0604
-0.242188 14.2566 25.8929 -57.6801 -46.7017 -284.845 40.2863
-0.234375 13.8879 23.6618 -57.3482 -47.7017 -286.328 44.6724
-0.226562 13.5112 21.4194 -56.9814 -48.7167 -287.715 49.223
-0.21875 13.1266 19.1667 -56.5784 -49.746 -288.991 53.9419
-0.210938 12.7339 16.9044 -56.1379 -50.7883 -290.143 58.832
-0.203125 12.333 14.6337 -55.6585 -51.8422 -291.156 63.8952
-0.195312 11.9238 12.3557 -55.1389 -52.9058 -292.013 69.1322
-0.1875 11.5063 10.0717 -54.5776 -53.9767 -292.696 74.5422
-0.179688 11.0804 7.78311 -53.9735 -55.0521 -293.187 80.1224
-0.171875 10.6461 5.49149 -53.3251 -56.1287 -293.467 85.8684
-0.164062 10.2034 3.19859 -52.6312 -57.2029 -293.515 91.7731
-0.15625 9.75237 0.906297 -51.8905 -58.2703 -293.312 97.8271
-0.148438 9.293 -1.38335 -51.1021 -59.3261 -292.838 104.018
-0.140625 8.82546 -3.66816 -50.2648 -60.3651 -292.072 110.331
-0.132812 8.34989 -5.94577 -49.3778 -61.3815 -290.996 116.747
-0.125 7.86649 -8.21369 -48.4403 -62.3692 -289.593 123.245
-0.117188 7.37551 -10.4693 -47.4518 -63.3218 -287.849 129.799
-0.109375 6.87725 -12.7099 -46.4121 -64.2327 -285.749 136.383
-0.101562 6.37206 -14.9327 -45.3209 -65.0955 -283.287 142.967
-0.09375 5.86034 -17.1349 -44.1783 -65.9037 -280.457 149.517
-0.0859375 5.34255 -19.3134 -42.9849 -66.6511 -277.257 156
-0.078125 4.81918 -21.4656 -41.7412 -67.3321 -273.693 162.381
-0.0703125 4.29077 -23.5885 -40.4482 -67.9418 -269.774 168.625
-0.0625 3.75788 -25.6795 -39.1071 -68.476 -265.512 174.699
-0.0546875 3.22114 -27.7359 -37.7194 -68.9316 -260.927 180.571
-0.046875 2.68114 -29.7553 -36.2866 -69.3064 -256.042 186.209
-0.0390625 2.13854 -31.7355 -34.8109 -69.5995 -250.883 191.59
-0.03125 1.59397 -33.6744 -33.2941 -69.811 -245.479 196.688
-0.0234375 1.04806 -35.5702 -31.7388 -69.9421 -239.864 201.488
-0.015625 0.501429 -37.4215 -30.1471 -69.9951 -234.07 205.974
-0.0078125 -0.0453222 -39.227 -28.5217 -69.9731 -228.13 210.138
0 -0.591616 -40.9855 -26.865 -69.878 -222.055 213.975
