-10.0000000    1.01772   -0.53630    2.61580
 -9.9843750    0.85235   -0.60826    2.75535
 -9.9687500    0.69884   -0.68140    2.89254
 -9.9531250    0.54925   -0.74690    3.02263
 -9.9375000    0.40668   -0.80978    3.14788
 -9.9218750    0.27087   -0.86940    3.27155
 -9.9062500    0.14301   -0.92623    3.38824
 -9.8906250    0.02009   -0.97682    3.50492
 -9.8750000   -0.09493   -1.02579    3.61291
 -9.8593750   -0.20816   -1.07274    3.72057
 -9.8437500   -0.31237   -1.11190    3.82277
 -9.8281250   -0.40946   -1.15125    3.92295
 -9.8125000   -0.50402   -1.18840    4.01586
 -9.7968750   -0.59132   -1.21857    4.10918
 -9.7812500   -0.67326   -1.24941    4.19850
 -9.7656250   -0.75204   -1.27558    4.28417
 -9.7500000   -0.82482   -1.29961    4.36613
 -9.7343750   -0.89115   -1.31849    4.44548
 -9.7187500   -0.95332   -1.33760    4.52220
 -9.7031250   -1.01158   -1.35252    4.59684
 -9.6875000   -1.06737   -1.36516    4.66614
 -9.6718750   -1.11491   -1.37645    4.73641
 -9.6562500   -1.16152   -1.38299    4.80121
 -9.6406250   -1.20189   -1.38922    4.86632
 -9.6250000   -1.23995   -1.39372    4.92560
 -9.6093750   -1.27424   -1.39286    4.98727
 -9.5937500   -1.30242   -1.39218    5.04278
 -9.5781250   -1.33085   -1.38875    5.09998
 -9.5625000   -1.35300   -1.38521    5.15071
 -9.5468750   -1.37484   -1.37703    5.20533
 -9.5312500   -1.39195   -1.36844    5.25398
 -9.5156250   -1.40681   -1.35764    5.30263
 -9.5000000   -1.41657   -1.34728    5.34954
 -9.4843750   -1.42842   -1.33172    5.39634
 -9.4687500   -1.43343   -1.31662    5.43990
 -9.4531250   -1.43864   -1.30175    5.48613
 -9.4375000   -1.44013   -1.28150    5.52624
 -9.4218750   -1.44263   -1.26435    5.56887
 -9.4062500   -1.43951   -1.24269    5.61080
 -9.3906250   -1.43792   -1.22066    5.65035
 -9.3750000   -1.43237   -1.19938    5.69068
 -9.3593750   -1.42595   -1.17439    5.72962
 -9.3437500   -1.42040   -1.15172    5.76905
 -9.3281250   -1.40921   -1.12401    5.80793
 -9.3125000   -1.40289   -1.09971    5.84794
 -9.2968750   -1.39150   -1.07243    5.88567
 -9.2812500   -1.38088   -1.04587    5.92536
 -9.2656250   -1.36917   -1.01688    5.96479
 -9.2500000   -1.35801   -0.98866    6.00460
 -9.2343750   -1.34520   -0.96012    6.04447
 -9.2187500   -1.33456   -0.93103    6.08357
 -9.2031250   -1.32070   -0.90217    6.12728
 -9.1875000   -1.31079   -0.87146    6.16947
 -9.1718750   -1.29827   -0.84309    6.21082
 -9.1562500   -1.28794   -0.81277    6.25521
 -9.1406250   -1.27664   -0.78449    6.30232
 -9.1250000   -1.26748   -0.75478    6.34818
 -9.1093750   -1.26004   -0.72467    6.39584
 -9.0937500   -1.25078   -0.69645    6.44451
 -9.0781250   -1.24438   -0.66684    6.49537
 -9.0625000   -1.23989   -0.63817    6.54829
 -9.0468750   -1.23467   -0.61063    6.60120
 -9.0312500   -1.23006   -0.58268    6.65802
 -9.0156250   -1.22834   -0.55235    6.71150
 -9.0000000   -1.22517   -0.52535    6.77147
 -8.9843750   -1.22466   -0.49639    6.83031
 -8.9687500   -1.22298   -0.46843    6.88978
 -8.9531250   -1.22546   -0.43942    6.95156
 -8.9375000   -1.22665   -0.40977    7.01569
 -8.9218750   -1.22931   -0.38354    7.08065
 -8.9062500   -1.23061   -0.35131    7.14542
 -8.8906250   -1.23506   -0.32572    7.21355
 -8.8750000   -1.23966   -0.29300    7.28267
 -8.8593750   -1.24613   -0.26385    7.35148
 -8.8437500   -1.25111   -0.23371    7.42253
 -8.8281250   -1.25720   -0.20501    7.49599
 -8.8125000   -1.26667   -0.17137    7.57049
 -8.7968750   -1.27380   -0.14084    7.64571
 -8.7812500   -1.28286   -0.11007    7.72097
 -8.7656250   -1.29204   -0.07479    7.80081
 -8.7500000   -1.30242   -0.04489    7.88035
 -8.7343750   -1.31387   -0.00951    7.95860
 -8.7187500   -1.32423    0.02510    8.04259
 -8.7031250   -1.33680    0.06050    8.12650
 -8.6875000   -1.34872    0.09652    8.20921
 -8.6718750   -1.36395    0.13135    8.29817
 -8.6562500   -1.37593    0.17143    8.38190
 -8.6406250   -1.39029    0.20885    8.47410
 -8.6250000   -1.40621    0.24769    8.56219
 -8.6093750   -1.42107    0.28846    8.65530
 -8.5937500   -1.43608    0.33085    8.74715
 -8.5781250   -1.45265    0.37332    8.84012
 -8.5625000   -1.46965    0.41603    8.93859
 -8.5468750   -1.48684    0.46223    9.03373
 -8.5312500   -1.50352    0.50752    9.13376
 -8.5156250   -1.52379    0.55593    9.23170
 -8.5000000   -1.53998    0.60425    9.33471
 -8.4843750   -1.55891    0.65453    9.43559
 -8.4687500   -1.57969    0.70688    9.54160
 -8.4531250   -1.59841    0.76094    9.64628
 -8.4375000   -1.61658    0.81534    9.75280
 -8.4218750   -1.63886    0.87140    9.86260
 -8.4062500   -1.65854    0.93128    9.97295
 -8.3906250   -1.67955    0.99139   10.08280
 -8.3750000   -1.69935    1.05351   10.19681
 -8.3593750   -1.72295    1.11675   10.31173
 -8.3437500   -1.74175    1.18330   10.42818
 -8.3281250   -1.76446    1.25189   10.54520
 -8.3125000   -1.78604    1.32230   10.66498
 -8.2968750   -1.80829    1.39559   10.78545
 -8.2812500   -1.83036    1.47130   10.90874
 -8.2656250   -1.85332    1.54717   11.03370
 -8.2500000   -1.87587    1.62771   11.15980
 -8.2343750   -1.89724    1.71074   11.28541
 -8.2187500   -1.92172    1.79669   11.41795
 -8.2031250   -1.94281    1.88339   11.54661
 -8.1875000   -1.96593    1.97532   11.68103
 -8.1718750   -1.98830    2.06998   11.81596
 -8.1562500   -2.01178    2.16589   11.95111
 -8.1406250   -2.03330    2.26632   12.09017
 -8.1250000   -2.05633    2.36927   12.23065
 -8.1093750   -2.07962    2.47746   12.37034
 -8.0937500   -2.09965    2.58645   12.51496
 -8.0781250   -2.12044    2.70133   12.66001
 -8.0625000   -2.14434    2.81784   12.80545
 -8.0468750   -2.16421    2.94000   12.95565
 -8.0312500   -2.18353    3.06551   13.10405
 -8.0156250   -2.20483    3.19483   13.25622
 -8.0000000   -2.22274    3.32686   13.41124
 -7.9843750   -2.24277    3.46510   13.56628
 -7.9687500   -2.26153    3.60920   13.72160
 -7.9531250   -2.27699    3.75601   13.88180
 -7.9375000   -2.29601    3.90579   14.04145
 -7.9218750   -2.31188    4.06587   14.20460
 -7.9062500   -2.32575    4.22519   14.36815
 -7.8906250   -2.34213    4.39487   14.53412
 -7.8750000   -2.35346    4.56535   14.70166
 -7.8593750   -2.36639    4.74499   14.87159
 -7.8437500   -2.37816    4.93112   15.04181
 -7.8281250   -2.38933    5.11886   15.21544
 -7.8125000   -2.39696    5.31796   15.38855
 -7.7968750   -2.40654    5.52164   15.56740
 -7.7812500   -2.41184    5.73215   15.74435
 -7.7656250   -2.41830    5.94919   15.92467
 -7.7500000   -2.42268    6.17272   16.10649
 -7.7343750   -2.42375    6.40690   16.28970
 -7.7187500   -2.42440    6.64846   16.47554
 -7.7031250   -2.42572    6.89459   16.66300
 -7.6875000   -2.42202    7.15281   16.85280
 -7.6718750   -2.41776    7.41856   17.04177
 -7.6562500   -2.41150    7.69502   17.23446
 -7.6406250   -2.40508    7.97847   17.42795
 -7.6250000   -2.39332    8.27358   17.62426
 -7.6093750   -2.38289    8.57698   17.82129
 -7.5937500   -2.36839    8.89450   18.02007
 -7.5781250   -2.35010    9.22162   18.21964
 -7.5625000   -2.33360    9.55666   18.42033
 -7.5468750   -2.30947    9.90919   18.62359
 -7.5312500   -2.28751   10.27168   18.82821
 -7.5156250   -2.26039   10.64602   19.03189
 -7.5000000   -2.22996   11.03433   19.23647
 -7.4843750   -2.19610   11.43904   19.44462
 -7.4687500   -2.16230   11.85645   19.65167
 -7.4531250   -2.12291   12.28692   19.85677
 -7.4375000   -2.07921   12.73721   20.06420
 -7.4218750   -2.03377   13.19964   20.27228
 -7.4062500   -1.98190   13.67988   20.47874
 -7.3906250   -1.93107   14.18056   20.68330
 -7.3750000   -1.87056   14.69766   20.88973
 -7.3593750   -1.80756   15.23116   21.09016
 -7.3437500   -1.74355   15.78788   21.29281
 -7.3281250   -1.66931   16.36173   21.49005
 -7.3125000   -1.59365   16.95838   21.68494
 -7.2968750   -1.51545   17.57428   21.87763
 -7.2812500   -1.43045   18.21256   22.06433
 -7.2656250   -1.34169   18.86876   22.24424
 -7.2500000   -1.24971   19.55186   22.42127
 -7.2343750   -1.15717   20.25352   22.59102
 -7.2187500   -1.05691   20.97914   22.75058
 -7.2031250   -0.95450   21.72749   22.90501
 -7.1875000   -0.85121   22.50191   23.04723
 -7.1718750   -0.74212   23.29892   23.17801
 -7.1562500   -0.63030   24.11889   23.29876
 -7.1406250   -0.51533   24.96788   23.40513
 -7.1250000   -0.40010   25.84138   23.49693
 -7.1093750   -0.27787   26.73922   23.57039
 -7.0937500   -0.15415   27.66563   23.62652
 -7.0781250   -0.02717   28.62164   23.66405
 -7.0625000    0.10381   29.60098   23.67739
 -7.0468750    0.23477   30.61371   23.66771
 -7.0312500    0.37525   31.65184   23.62927
 -7.0156250    0.51509   32.72089   23.56319
 -7.0000000    0.66000   33.81834   23.46637
 -6.9843750    0.80824   34.94410   23.33342
 -6.9687500    0.96326   36.10271   23.16278
 -6.9531250    1.11849   37.28957   22.95037
 -6.9375000    1.28406   38.50395   22.69448
 -6.9218750    1.44982   39.75020   22.39024
 -6.9062500    1.62299   41.02349   22.03235
 -6.8906250    1.80427   42.32113   21.62116
 -6.8750000    1.98734   43.64975   21.14637
 -6.8593750    2.17944   44.99998   20.60669
 -6.8437500    2.37775   46.37442   19.99687
 -6.8281250    2.58356   47.76827   19.31488
 -6.8125000    2.80116   49.18020   18.55748
 -6.7968750    3.03323   50.60680   17.72728
 -6.7812500    3.28166   52.04548   16.81863
 -6.7656250    3.55245   53.49120   15.83450
 -6.7500000    3.84320   54.93878   14.77131
 -6.7343750    4.16124   56.38161   13.62677
 -6.7187500    4.50486   57.81817   12.40565
 -6.7031250    4.88026   59.23393   11.09848
 -6.6875000    5.29035   60.62494    9.71350
 -6.6718750    5.73230   61.98468    8.24524
 -6.6562500    6.20973   63.29930    6.69362
 -6.6406250    6.72617   64.55723    5.06452
 -6.6250000    7.28257   65.75444    3.35667
 -6.6093750    7.87624   66.86768    1.57440
 -6.5937500    8.51338   67.89477   -0.27817
 -6.5781250    9.18429   68.81836   -2.20393
 -6.5625000    9.87614   69.62841   -4.20325
 -6.5468750   10.58387   70.31546   -6.28067
 -6.5312500   11.28754   70.86852   -8.43690
 -6.5156250   11.97931   71.27628  -10.67510
 -6.5000000   12.64398   71.53186  -12.98819
 -6.4843750   13.27134   71.62369  -15.37384
 -6.4687500   13.84404   71.54718  -17.82303
 -6.4531250   14.35167   71.28994  -20.33559
 -6.4375000   14.78164   70.85950  -22.89579
 -6.4218750   15.11748   70.23984  -25.49416
 -6.4062500   15.34758   69.44267  -28.12258
 -6.3906250   15.47825   68.45919  -30.75452
 -6.3750000   15.51714   67.28492  -33.36564
 -6.3593750   15.49339   65.91403  -35.91978
 -6.3437500   15.41327   64.34995  -38.38823
 -6.3281250   15.30442   62.59357  -40.74343
 -6.3125000   15.18151   60.64067  -42.95795
 -6.2968750   15.06679   58.50728  -45.00097
 -6.2812500   14.97575   56.19168  -46.85596
 -6.2656250   14.91838   53.70964  -48.50483
 -6.2500000   14.88522   51.08833  -49.95565
 -6.2343750   14.86852   48.34693  -51.20598
 -6.2187500   14.85832   45.50854  -52.26544
 -6.2031250   14.85172   42.59734  -53.14483
 -6.1875000   14.83862   39.63776  -53.84910
 -6.1718750   14.81330   36.64842  -54.39306
 -6.1562500   14.76624   33.65183  -54.78661
 -6.1406250   14.69646   30.67041  -55.05012
 -6.1250000   14.59480   27.72294  -55.19615
 -6.1093750   14.45299   24.82185  -55.24070
 -6.0937500   14.26899   21.99196  -55.20349
 -6.0781250   14.03772   19.24063  -55.09604
 -6.0625000   13.76781   16.57505  -54.92143
 -6.0468750   13.45960   13.99695  -54.68227
 -6.0312500   13.12393   11.51646  -54.38378
 -6.0156250   12.75873    9.13145  -54.03308
 -6.0000000   12.37005    6.84624  -53.62978
 -5.9843750   11.96564    4.65883  -53.18239
 -5.9687500   11.54427    2.57263  -52.69139
 -5.9531250   11.11177    0.58356  -52.16099
 -5.9375000   10.67350   -1.30994  -51.59525
 -5.9218750   10.23015   -3.10614  -50.99513
 -5.9062500    9.78506   -4.81166  -50.35995
 -5.8906250    9.34306   -6.42926  -49.69959
 -5.8750000    8.90491   -7.96151  -49.00758
 -5.8593750    8.47582   -9.41090  -48.28400
 -5.8437500    8.05711  -10.78435  -47.53604
 -5.8281250    7.64931  -12.08310  -46.75881
 -5.8125000    7.25297  -13.31092  -45.95940
 -5.7968750    6.87024  -14.46707  -45.14067
 -5.7812500    6.49983  -15.56020  -44.31075
 -5.7656250    6.14138  -16.58708  -43.46705
 -5.7500000    5.79426  -17.55401  -42.61345
 -5.7343750    5.46268  -18.46245  -41.75759
 -5.7187500    5.13830  -19.31551  -40.89360
 -5.7031250    4.83019  -20.11423  -40.03306
 -5.6875000    4.53294  -20.86045  -39.17067
 -5.6718750    4.24277  -21.56227  -38.30974
 -5.6562500    3.97118  -22.21365  -37.45364
 -5.6406250    3.70523  -22.82269  -36.60247
 -5.6250000    3.44975  -23.38867  -35.75834
 -5.6093750    3.20911  -23.91573  -34.92045
 -5.5937500    2.97542  -24.40389  -34.09045
 -5.5781250    2.74945  -24.85465  -33.26950
 -5.5625000    2.53845  -25.27283  -32.45987
 -5.5468750    2.33097  -25.65560  -31.66116
 -5.5312500    2.13596  -26.00699  -30.87103
 -5.5156250    1.94783  -26.32911  -30.09314
 -5.5000000    1.76796  -26.62083  -29.32730
 -5.4843750    1.59684  -26.88669  -28.57595
 -5.4687500    1.43077  -27.12654  -27.83588
 -5.4531250    1.27464  -27.33749  -27.10758
 -5.4375000    1.12369  -27.52886  -26.39421
 -5.4218750    0.98027  -27.69450  -25.69429
 -5.4062500    0.84179  -27.83692  -25.00826
 -5.3906250    0.71003  -27.95958  -24.33588
 -5.3750000    0.58526  -28.06199  -23.67890
 -5.3593750    0.46236  -28.14274  -23.03486
 -5.3437500    0.34654  -28.20619  -22.40675
 -5.3281250    0.23715  -28.25095  -21.79267
 -5.3125000    0.12952  -28.27679  -21.19379
 -5.2968750    0.02633  -28.28892  -20.60753
 -5.2812500   -0.07056  -28.28259  -20.03744
 -5.2656250   -0.16326  -28.26106  -19.47848
 -5.2500000   -0.25220  -28.22769  -18.93348
 -5.2343750   -0.34018  -28.17787  -18.40384
 -5.2187500   -0.42118  -28.11586  -17.88248
 -5.2031250   -0.49918  -28.04111  -17.37847
 -5.1875000   -0.57344  -27.95567  -16.88355
 -5.1718750   -0.64583  -27.85741  -16.40035
 -5.1562500   -0.71363  -27.74858  -15.93253
 -5.1406250   -0.77697  -27.62886  -15.47084
 -5.1250000   -0.84096  -27.50263  -15.02616
 -5.1093750   -0.89703  -27.36330  -14.58737
 -5.0937500   -0.95566  -27.21567  -14.16303
 -5.0781250   -1.00805  -27.06159  -13.74650
 -5.0625000   -1.05801  -26.89790  -13.34312
 -5.0468750   -1.10593  -26.72700  -12.94699
 -5.0312500   -1.15169  -26.54852  -12.56282
 -5.0156250   -1.19572  -26.36399  -12.18870
 -5.0000000   -1.23385  -26.17281  -11.82145
 -4.9843750   -1.27462  -25.97547  -11.46507
 -4.9687500   -1.30921  -25.77313  -11.11900
 -4.9531250   -1.34297  -25.56140  -10.78082
 -4.9375000   -1.37714  -25.35079  -10.44990
 -4.9218750   -1.40666  -25.13182  -10.12999
 -4.9062500   -1.43378  -24.90781   -9.81679
 -4.8906250   -1.46184  -24.68017   -9.51070
 -4.8750000   -1.48509  -24.45047   -9.21547
 -4.8593750   -1.50778  -24.21490   -8.92601
 -4.8437500   -1.52920  -23.97815   -8.64637
 -4.8281250   -1.55017  -23.73553   -8.37059
 -4.8125000   -1.56895  -23.49114   -8.10557
 -4.7968750   -1.58334  -23.24573   -7.84704
 -4.7812500   -1.59924  -22.99550   -7.59294
 -4.7656250   -1.61422  -22.74540   -7.34940
 -4.7500000   -1.62492  -22.49200   -7.11197
 -4.7343750   -1.63888  -22.23793   -6.87849
 -4.7187500   -1.64830  -21.98180   -6.65492
 -4.7031250   -1.65698  -21.72428   -6.43605
 -4.6875000   -1.66341  -21.46632   -6.22382
 -4.6718750   -1.67191  -21.20831   -6.01669
 -4.6562500   -1.67774  -20.94701   -5.81821
 -4.6406250   -1.68177  -20.69038   -5.62480
 -4.6250000   -1.68621  -20.42745   -5.43447
 -4.6093750   -1.68794  -20.16975   -5.25340
 -4.5937500   -1.69125  -19.91053   -5.07816
 -4.5781250   -1.69258  -19.65026   -4.90521
 -4.5625000   -1.69181  -19.39344   -4.73968
 -4.5468750   -1.69223  -19.13715   -4.58170
 -4.5312500   -1.68971  -18.87888   -4.42561
 -4.5156250   -1.68955  -18.62598   -4.27686
 -4.5000000   -1.68718  -18.37093   -4.13167
 -4.4843750   -1.68337  -18.12163   -3.99330
 -4.4687500   -1.67954  -17.87045   -3.85947
 -4.4531250   -1.67575  -17.62415   -3.72839
 -4.4375000   -1.67159  -17.37666   -3.60683
 -4.4218750   -1.66495  -17.13692   -3.48687
 -4.4062500   -1.66039  -16.89383   -3.37076
 -4.3906250   -1.65530  -16.65687   -3.26238
 -4.3750000   -1.64625  -16.42306   -3.15722
 -4.3593750   -1.64021  -16.19265   -3.05609
 -4.3437500   -1.63376  -15.96487   -2.95935
 -4.3281250   -1.62462  -15.73784   -2.86751
 -4.3125000   -1.61923  -15.52011   -2.78247
 -4.2968750   -1.60976  -15.30239   -2.69771
 -4.2812500   -1.60065  -15.08865   -2.62068
 -4.2656250   -1.59409  -14.88223   -2.54449
 -4.2500000   -1.58258  -14.67638   -2.47671
 -4.2343750   -1.57659  -14.47672   -2.41075
 -4.2187500   -1.56470  -14.28234   -2.34676
 -4.2031250   -1.55827  -14.08951   -2.29065
 -4.1875000   -1.54672  -13.90086   -2.23488
 -4.1718750   -1.53737  -13.71877   -2.18399
 -4.1562500   -1.52761  -13.53779   -2.13830
 -4.1406250   -1.51899  -13.36328   -2.09343
 -4.1250000   -1.50734  -13.19095   -2.05384
 -4.1093750   -1.49894  -13.02212   -2.01648
 -4.0937500   -1.48648  -12.85996   -1.98138
 -4.0781250   -1.47744  -12.69687   -1.95022
 -4.0625000   -1.46669  -12.54092   -1.92313
 -4.0468750   -1.45707  -12.38986   -1.89784
 -4.0312500   -1.44633  -12.23794   -1.87529
 -4.0156250   -1.43446  -12.09317   -1.85381
 -4.0000000   -1.42401  -11.95135   -1.83707
 -3.9843750   -1.41378  -11.81127   -1.82285
 -3.9687500   -1.40238  -11.67744   -1.80907
 -3.9531250   -1.39100  -11.54458   -1.80020
 -3.9375000   -1.37996  -11.41673   -1.79094
 -3.9218750   -1.37026  -11.29011   -1.78466
 -3.9062500   -1.35929  -11.17000   -1.78077
 -3.8906250   -1.34689  -11.05006   -1.77906
 -3.8750000   -1.33491  -10.93551   -1.77757
 -3.8593750   -1.32641  -10.82240   -1.77966
 -3.8437500   -1.31340  -10.71379   -1.78138
 -3.8281250   -1.30230  -10.60675   -1.78723
 -3.8125000   -1.29057  -10.50449   -1.79386
 -3.7968750   -1.28106  -10.40392   -1.79991
 -3.7812500   -1.26916  -10.30720   -1.80745
 -3.7656250   -1.25710  -10.21324   -1.82066
 -3.7500000   -1.24633  -10.12087   -1.82849
 -3.7343750   -1.23556  -10.03156   -1.84101
 -3.7187500   -1.22357   -9.94653   -1.85458
 -3.7031250   -1.21271   -9.86268   -1.86882
 -3.6875000   -1.20197   -9.78398   -1.88373
 -3.6718750   -1.19113   -9.70400   -1.89840
 -3.6562500   -1.17997   -9.62862   -1.91429
 -3.6406250   -1.16754   -9.55784   -1.93146
 -3.6250000   -1.15655   -9.48501   -1.94768
 -3.6093750   -1.14781   -9.41889   -1.96454
 -3.5937500   -1.13537   -9.35235   -1.98433
 -3.5781250   -1.12379   -9.29042   -2.00148
 -3.5625000   -1.11358   -9.22897   -2.02014
 -3.5468750   -1.10340   -9.17006   -2.03665
 -3.5312500   -1.09284   -9.11314   -2.05642
 -3.5156250   -1.08090   -9.06041   -2.07336
 -3.5000000   -1.07028   -9.00853   -2.09350
 -3.4843750   -1.06168   -8.95919   -2.10860
 -3.4687500   -1.04864   -8.90879   -2.12755
 -3.4531250   -1.04076   -8.86611   -2.14516
 -3.4375000   -1.02842   -8.82111   -2.16115
 -3.4218750   -1.01821   -8.77804   -2.17778
 -3.4062500   -1.01010   -8.73883   -2.19127
 -3.3906250   -0.99736   -8.70200   -2.20827
 -3.3750000   -0.98890   -8.66422   -2.22210
 -3.3593750   -0.97933   -8.63102   -2.23397
 -3.3437500   -0.96844   -8.59716   -2.24834
 -3.3281250   -0.96046   -8.56599   -2.25684
 -3.3125000   -0.94810   -8.53761   -2.26921
 -3.2968750   -0.94101   -8.50863   -2.27720
 -3.2812500   -0.93054   -8.48254   -2.28595
 -3.2656250   -0.92079   -8.45828   -2.29245
 -3.2500000   -0.91219   -8.43384   -2.29678
 -3.2343750   -0.90343   -8.41366   -2.30141
 -3.2187500   -0.89431   -8.39314   -2.30332
 -3.2031250   -0.88495   -8.37227   -2.30537
 -3.1875000   -0.87657   -8.35500   -2.30223
 -3.1718750   -0.86798   -8.33999   -2.29974
 -3.1562500   -0.85916   -8.32274   -2.29780
 -3.1406250   -0.85126   -8.31006   -2.29067
 -3.1250000   -0.84307   -8.29763   -2.28560
 -3.1093750   -0.83446   -8.28509   -2.27536
 -3.0937500   -0.82590   -8.27403   -2.26716
 -3.0781250   -0.82044   -8.26574   -2.25488
 -3.0625000   -0.81128   -8.25779   -2.24449
 -3.0468750   -0.80396   -8.25017   -2.22960
 -3.0312500   -0.79761   -8.24489   -2.21549
 -3.0156250   -0.78958   -8.23713   -2.20012
 -3.0000000   -0.78149   -8.23642   -2.18310
 -2.9843750   -0.77744   -8.23072   -2.16474
 -2.9687500   -0.76778   -8.22790   -2.14797
 -2.9531250   -0.76430   -8.22934   -2.12635
 -2.9375000   -0.75729   -8.22702   -2.10804
 -2.9218750   -0.75052   -8.22830   -2.08360
 -2.9062500   -0.74379   -8.22750   -2.06276
 -2.8906250   -0.74020   -8.23199   -2.04025
 -2.8750000   -0.73409   -8.23402   -2.01632
 -2.8593750   -0.72948   -8.23658   -1.99041
 -2.8437500   -0.72348   -8.24044   -1.96769
 -2.8281250   -0.71919   -8.24669   -1.93956
 -2.8125000   -0.71382   -8.25269   -1.91539
 -2.7968750   -0.71215   -8.25747   -1.88700
 -2.7812500   -0.70465   -8.26563   -1.86225
 -2.7656250   -0.70331   -8.27274   -1.83170
 -2.7500000   -0.69949   -8.27992   -1.80504
 -2.7343750   -0.69490   -8.28967   -1.77705
 -2.7187500   -0.69239   -8.29942   -1.74829
 -2.7031250   -0.69073   -8.30703   -1.71991
 -2.6875000   -0.68820   -8.31845   -1.69062
 -2.6718750   -0.68397   -8.33022   -1.66045
 -2.6562500   -0.68294   -8.33988   -1.63167
 -2.6406250   -0.68268   -8.35214   -1.60213
 -2.6250000   -0.68037   -8.36474   -1.57368
 -2.6093750   -0.67775   -8.37558   -1.54398
 -2.5937500   -0.68012   -8.39024   -1.51408
 -2.5781250   -0.67662   -8.40319   -1.48521
 -2.5625000   -0.67889   -8.41635   -1.45608
 -2.5468750   -0.67760   -8.43010   -1.42673
 -2.5312500   -0.67884   -8.44465   -1.39921
 -2.5156250   -0.67951   -8.46057   -1.37015
 -2.5000000   -0.67966   -8.47265   -1.34246
 -2.4843750   -0.68275   -8.48992   -1.31319
 -2.4687500   -0.68508   -8.50578   -1.28679
 -2.4531250   -0.68558   -8.52094   -1.26089
 -2.4375000   -0.68978   -8.53763   -1.23386
 -2.4218750   -0.69128   -8.55198   -1.20706
 -2.4062500   -0.69533   -8.57133   -1.18277
 -2.3906250   -0.69898   -8.58587   -1.15748
 -2.3750000   -0.70407   -8.60326   -1.13312
 -2.3593750   -0.70823   -8.62163   -1.10904
 -2.3437500   -0.71189   -8.63847   -1.08817
 -2.3281250   -0.72031   -8.65679   -1.06481
 -2.3125000   -0.72362   -8.67277   -1.04325
 -2.2968750   -0.73130   -8.69298   -1.02286
 -2.2812500   -0.73651   -8.71153   -1.00440
 -2.2656250   -0.74622   -8.72755   -0.98535
 -2.2500000   -0.75189   -8.74978   -0.96676
 -2.2343750   -0.76111   -8.76612   -0.94992
 -2.2187500   -0.77062   -8.78532   -0.93376
 -2.2031250   -0.77804   -8.80654   -0.91936
 -2.1875000   -0.78906   -8.82417   -0.90654
 -2.1718750   -0.79926   -8.84661   -0.89370
 -2.1562500   -0.80946   -8.86439   -0.88008
 -2.1406250   -0.82099   -8.88607   -0.87136
 -2.1250000   -0.83297   -8.90730   -0.86197
 -2.1093750   -0.84711   -8.92660   -0.85371
 -2.0937500   -0.85787   -8.94860   -0.84593
 -2.0781250   -0.87128   -8.97115   -0.84001
 -2.0625000   -0.88751   -8.99455   -0.83569
 -2.0468750   -0.90155   -9.01572   -0.82883
 -2.0312500   -0.91559   -9.04204   -0.82642
 -2.0156250   -0.93109   -9.06493   -0.82425
 -2.0000000   -0.94625   -9.09258   -0.82173
 -1.9843750   -0.96501   -9.11857   -0.81822
 -1.9687500   -0.97978   -9.14701   -0.81737
 -1.9531250   -0.99813   -9.17771   -0.81609
 -1.9375000   -1.01578   -9.20698   -0.81535
 -1.9218750   -1.03172   -9.23924   -0.81448
 -1.9062500   -1.05244   -9.27351   -0.81549
 -1.8906250   -1.06850   -9.30945   -0.81318
 -1.8750000   -1.09039   -9.34761   -0.81410
 -1.8593750   -1.10834   -9.38551   -0.81196
 -1.8437500   -1.12677   -9.42582   -0.81031
 -1.8281250   -1.14921   -9.47243   -0.81061
 -1.8125000   -1.16783   -9.51527   -0.80829
 -1.7968750   -1.18914   -9.56579   -0.80565
 -1.7812500   -1.21096   -9.61459   -0.80303
 -1.7656250   -1.23000   -9.66976   -0.79857
 -1.7500000   -1.25312   -9.72557   -0.79533
 -1.7343750   -1.27578   -9.78297   -0.78726
 -1.7187500   -1.29645   -9.84742   -0.78219
 -1.7031250   -1.31883   -9.91192   -0.77401
 -1.6875000   -1.34213   -9.98050   -0.76553
 -1.6718750   -1.36596  -10.05420   -0.75288
 -1.6562500   -1.38894  -10.12934   -0.74091
 -1.6406250   -1.41154  -10.20993   -0.72755
 -1.6250000   -1.43800  -10.29363   -0.70970
 -1.6093750   -1.46068  -10.38140   -0.69322
 -1.5937500   -1.48692  -10.47591   -0.67279
 -1.5781250   -1.51144  -10.57051   -0.64933
 -1.5625000   -1.53631  -10.67462   -0.62282
 -1.5468750   -1.56291  -10.78064   -0.59757
 -1.5312500   -1.58987  -10.89395   -0.56412
 -1.5156250   -1.61596  -11.00844   -0.53218
 -1.5000000   -1.64358  -11.13448   -0.49276
 -1.4843750   -1.67251  -11.26181   -0.45263
 -1.4687500   -1.69943  -11.39547   -0.40905
 -1.4531250   -1.72966  -11.53862   -0.36001
 -1.4375000   -1.75801  -11.68417   -0.30888
 -1.4218750   -1.78946  -11.83912   -0.24969
 -1.4062500   -1.81881  -11.99917   -0.18837
 -1.3906250   -1.85135  -12.16797   -0.12155
 -1.3750000   -1.88387  -12.34302   -0.05144
 -1.3593750   -1.91705  -12.52602    0.02614
 -1.3437500   -1.95090  -12.71760    0.11043
 -1.3281250   -1.98552  -12.91615    0.19769
 -1.3125000   -2.02262  -13.12454    0.29597
 -1.2968750   -2.05707  -13.34199    0.39717
 -1.2812500   -2.09829  -13.56602    0.50775
 -1.2656250   -2.13549  -13.80453    0.62323
 -1.2500000   -2.17790  -14.04727    0.74958
 -1.2343750   -2.21908  -14.30442    0.88475
 -1.2187500   -2.26199  -14.57131    1.02554
 -1.2031250   -2.30782  -14.84877    1.17884
 -1.1875000   -2.35434  -15.13663    1.33995
 -1.1718750   -2.40521  -15.43964    1.51510
 -1.1562500   -2.45372  -15.75263    1.69776
 -1.1406250   -2.50738  -16.07974    1.89325
 -1.1250000   -2.56286  -16.41753    2.10097
 -1.1093750   -2.61965  -16.77376    2.32291
 -1.0937500   -2.68074  -17.14098    2.55857
 -1.0781250   -2.74269  -17.52443    2.80687
 -1.0625000   -2.80965  -17.92266    3.07519
 -1.0468750   -2.88063  -18.33621    3.35527
 -1.0312500   -2.95064  -18.76559    3.65262
 -1.0156250   -3.03011  -19.20685    3.96581
 -1.0000000   -3.11188  -19.65935    4.29453
 -0.9843750   -3.19898  -20.12308    4.63685
 -0.9687500   -3.29196  -20.59850    4.99804
 -0.9531250   -3.39087  -21.08084    5.37213
 -0.9375000   -3.49604  -21.57455    5.76215
 -0.9218750   -3.60987  -22.07161    6.17266
 -0.9062500   -3.73128  -22.57854    6.59408
 -0.8906250   -3.86125  -23.08747    7.03920
 -0.8750000   -4.00068  -23.60475    7.49927
 -0.8593750   -4.14850  -24.12222    7.98075
 -0.8437500   -4.30893  -24.64539    8.48279
 -0.8281250   -4.47967  -25.17031    9.00619
 -0.8125000   -4.66359  -25.69675    9.55591
 -0.7968750   -4.86125  -26.22372   10.13158
 -0.7812500   -5.07130  -26.75054   10.73377
 -0.7656250   -5.30062  -27.27927   11.37090
 -0.7500000   -5.54271  -27.80342   12.03716
 -0.7343750   -5.80219  -28.32836   12.74641
 -0.7187500   -6.08301  -28.84826   13.49539
 -0.7031250   -6.38354  -29.36820   14.28928
 -0.6875000   -6.70355  -29.87917   15.13553
 -0.6718750   -7.05015  -30.38996   16.03973
 -0.6562500   -7.41762  -30.88983   17.00508
 -0.6406250   -7.81603  -31.38590   18.04162
 -0.6250000   -8.24190  -31.86830   19.15871
 -0.6093750   -8.69504  -32.34175   20.36080
 -0.5937500   -9.18611  -32.80299   21.66427
 -0.5781250   -9.70817  -33.24445   23.07402
 -0.5625000  -10.27098  -33.66462   24.60825
 -0.5468750  -10.86936  -34.07093   26.27859
 -0.5312500  -11.49904  -34.47103   28.09565
 -0.5156250  -12.15248  -34.87953   30.07557
 -0.5000000  -12.83235  -35.30126   32.23704
 -0.4843750  -13.52642  -35.74497   34.59484
 -0.4687500  -14.23132  -36.21632   37.17651
 -0.4531250  -14.94827  -36.71067   40.00180
 -0.4375000  -15.66501  -37.23141   43.10174
 -0.4218750  -16.38166  -37.76165   46.50928
 -0.4062500  -17.09356  -38.28845   50.25135
 -0.3906250  -17.79058  -38.79103   54.37660
 -0.3750000  -18.47427  -39.22701   58.91431
 -0.3593750  -19.12538  -39.55294   63.91338
 -0.3437500  -19.74606  -39.70882   69.41765
 -0.3281250  -20.31648  -39.60798   75.46125
 -0.3125000  -20.82426  -39.14961   82.08939
 -0.2968750  -21.27237  -38.21928   89.33679
 -0.2812500  -21.69651  -36.68402   97.24416
 -0.2656250  -22.11063  -34.38727  105.81879
 -0.2500000  -22.52401  -31.12494  115.03227
 -0.2343750  -22.93443  -26.67764  124.80662
 -0.2187500  -23.31568  -20.79051  134.98218
 -0.2031250  -23.62381  -13.20943  145.30774
 -0.1875000  -23.80216   -3.69832  155.40862
 -0.1718750  -23.77513    7.91431  164.77883
 -0.1562500  -23.44774   21.67787  172.78066
 -0.1406250  -22.74963   37.44901  178.65024
 -0.1250000  -21.61700   54.83121  181.59086
 -0.1093750  -19.95892   73.25119  180.84600
 -0.0937500  -17.69465   91.95278  175.84276
 -0.0781250  -14.80861  109.96765  166.33333
 -0.0625000  -11.38842  126.23631  152.47007
 -0.0468750   -7.58749  139.79635  134.84908
 -0.0312500   -3.58150  149.97214  114.42658
 -0.0156250    0.45769  156.47341   92.36715
  0.0000000    4.41256  159.42002   69.87823
