-11.0000000   -1.42341    0.63371    8.44970
-10.9843750   -1.44403    0.59783    8.48364
-10.9687500   -1.46396    0.56740    8.52218
-10.9531250   -1.48322    0.54247    8.56531
-10.9375000   -1.50181    0.52299    8.61296
-10.9218750   -1.51974    0.50894    8.66506
-10.9062500   -1.53703    0.50025    8.72154
-10.8906250   -1.55370    0.49689    8.78231
-10.8750000   -1.56976    0.49881    8.84729
-10.8593750   -1.58523    0.50598    8.91642
-10.8437500   -1.60012    0.51834    8.98961
-10.8281250   -1.61443    0.53586    9.06678
-10.8125000   -1.62820    0.55851    9.14787
-10.7968750   -1.64144    0.58624    9.23280
-10.7812500   -1.65415    0.61902    9.32149
-10.7656250   -1.66635    0.65682    9.41387
-10.7500000   -1.67806    0.69960    9.50988
-10.7343750   -1.68929    0.74735    9.60943
-10.7187500   -1.70005    0.80002    9.71245
-10.7031250   -1.71036    0.85760    9.81889
-10.6875000   -1.72023    0.92006    9.92866
-10.6718750   -1.72968    0.98738   10.04169
-10.6562500   -1.73872    1.05954   10.15792
-10.6406250   -1.74735    1.13653   10.27727
-10.6250000   -1.75559    1.21833   10.39969
-10.6093750   -1.76346    1.30492   10.52508
-10.5937500   -1.77096    1.39631   10.65340
-10.5781250   -1.77812    1.49248   10.78456
-10.5625000   -1.78493    1.59343   10.91850
-10.5468750   -1.79140    1.69916   11.05516
-10.5312500   -1.79756    1.80967   11.19447
-10.5156250   -1.80341    1.92497   11.33635
-10.5000000   -1.80896    2.04508   11.48075
-10.4843750   -1.81421    2.16999   11.62759
-10.4687500   -1.81918    2.29974   11.77681
-10.4531250   -1.82388    2.43434   11.92833
-10.4375000   -1.82831    2.57381   12.08211
-10.4218750   -1.83248    2.71819   12.23806
-10.4062500   -1.83639    2.86750   12.39612
-10.3906250   -1.84006    3.02180   12.55623
-10.3750000   -1.84348    3.18111   12.71831
-10.3593750   -1.84666    3.34550   12.88229
-10.3437500   -1.84960    3.51500   13.04811
-10.3281250   -1.85232    3.68969   13.21570
-10.3125000   -1.85479    3.86962   13.38498
-10.2968750   -1.85704    4.05486   13.55588
-10.2812500   -1.85905    4.24550   13.72833
-10.2656250   -1.86083    4.44161   13.90225
-10.2500000   -1.86237    4.64328   14.07756
-10.2343750   -1.86367    4.85061   14.25418
-10.2187500   -1.86472    5.06370   14.43204
-10.2031250   -1.86551    5.28266   14.61104
-10.1875000   -1.86604    5.50761   14.79109
-10.1718750   -1.86630    5.73867   14.97211
-10.1562500   -1.86627    5.97599   15.15400
-10.1406250   -1.86593    6.21969   15.33665
-10.1250000   -1.86528    6.46993   15.51997
-10.1093750   -1.86429    6.72687   15.70383
-10.0937500   -1.86294    6.99069   15.88813
-10.0781250   -1.86122    7.26154   16.07275
-10.0625000   -1.85908    7.53964   16.25755
-10.0468750   -1.85651    7.82516   16.44239
-10.0312500   -1.85348    8.11833   16.62713
-10.0156250   -1.84994    8.41935   16.81161
-10.0000000   -1.84586    8.72846   16.99567
 -9.9843750   -1.84120    9.04589   17.17912
 -9.9687500   -1.83592    9.37190   17.36179
 -9.9531250   -1.82996    9.70674   17.54346
 -9.9375000   -1.82327   10.05070   17.72391
 -9.9218750   -1.81579   10.40404   17.90292
 -9.9062500   -1.80747   10.76707   18.08024
 -9.8906250   -1.79823   11.14009   18.25559
 -9.8750000   -1.78800   11.52342   18.42868
 -9.8593750   -1.77670   11.91738   18.59921
 -9.8437500   -1.76426   12.32231   18.76684
 -9.8281250   -1.75058   12.73855   18.93120
 -9.8125000   -1.73556   13.16646   19.09193
 -9.7968750   -1.71911   13.60640   19.24858
 -9.7812500   -1.70111   14.05875   19.40073
 -9.7656250   -1.68145   14.52387   19.54788
 -9.7500000   -1.66000   15.00216   19.68952
 -9.7343750   -1.63664   15.49400   19.82509
 -9.7187500   -1.61117   15.99981   19.95401
 -9.7031250   -1.58320   16.52023   20.07577
 -9.6875000   -1.55225   17.05590   20.18981
 -9.6718750   -1.51786   17.60748   20.29553
 -9.6562500   -1.47954   18.17564   20.39231
 -9.6406250   -1.43682   18.76107   20.47949
 -9.6250000   -1.38919   19.36444   20.55640
 -9.6093750   -1.33616   19.98643   20.62227
 -9.5937500   -1.27721   20.62772   20.67629
 -9.5781250   -1.21182   21.28896   20.71761
 -9.5625000   -1.13946   21.97078   20.74529
 -9.5468750   -1.05959   22.67380   20.75832
 -9.5312500   -0.97166   23.39861   20.75564
 -9.5156250   -0.87510   24.14578   20.73609
 -9.5000000   -0.76935   24.91581   20.69847
 -9.4843750   -0.65384   25.70919   20.64146
 -9.4687500   -0.52796   26.52635   20.56370
 -9.4531250   -0.39114   27.36765   20.46371
 -9.4375000   -0.24277   28.23340   20.33995
 -9.4218750   -0.08224   29.12381   20.19079
 -9.4062500    0.09105   30.03903   20.01450
 -9.3906250    0.27772   30.97910   19.80928
 -9.3750000    0.47838   31.94393   19.57324
 -9.3593750    0.69366   32.93335   19.30440
 -9.3437500    0.92415   33.94703   19.00072
 -9.3281250    1.17047   34.98450   18.66005
 -9.3125000    1.43321   36.04513   18.28021
 -9.2968750    1.71295   37.12810   17.85895
 -9.2812500    2.01027   38.23243   17.39394
 -9.2656250    2.32571   39.35692   16.88284
 -9.2500000    2.65980   40.50014   16.32326
 -9.2343750    3.01304   41.66043   15.71283
 -9.2187500    3.38496   42.83485   15.04949
 -9.2031250    3.77137   44.01602   14.33260
 -9.1875000    4.16712   45.19522   13.56190
 -9.1718750    4.56702   46.36349   12.73721
 -9.1562500    4.96580   47.51155   11.85845
 -9.1406250    5.35814   48.62984   10.92567
 -9.1250000    5.73864   49.70850    9.93910
 -9.1093750    6.10183   50.73738    8.89919
 -9.0937500    6.44215   51.70604    7.80658
 -9.0781250    6.75395   52.60377    6.66226
 -9.0625000    7.03148   53.41957    5.46748
 -9.0468750    7.26890   54.14223    4.22388
 -9.0312500    7.46026   54.76027    2.93352
 -9.0156250    7.59949   55.26207    1.59887
 -9.0000000    7.68043   55.63580    0.22291
 -8.9843750    7.69679   55.86959   -1.19087
 -8.9687500    7.64678   55.95627   -2.63864
 -8.9531250    7.54700   55.90797   -4.11686
 -8.9375000    7.41856   55.74170   -5.62157
 -8.9218750    7.28247   55.47461   -7.14821
 -8.9062500    7.15965   55.12410   -8.69160
 -8.8906250    7.07094   54.70784  -10.24590
 -8.8750000    7.03712   54.24397  -11.80467
 -8.8593750    7.07893   53.75107  -13.36091
 -8.8437500    7.21709   53.24835  -14.90705
 -8.8281250    7.47230   52.75563  -16.43507
 -8.8125000    7.86531   52.29355  -17.93656
 -8.7968750    8.41690   51.88348  -19.40279
 -8.7812500    9.13637   51.53735  -20.82767
 -8.7656250    9.98679   51.22645  -22.21637
 -8.7500000   10.91981   50.91260  -23.57696
 -8.7343750   11.88718   50.55851  -24.91762
 -8.7187500   12.84088   50.12774  -26.24680
 -8.7031250   13.73303   49.58461  -27.57328
 -8.6875000   14.51593   48.89418  -28.90631
 -8.6718750   15.14211   48.02213  -30.25566
 -8.6562500   15.57525   46.94367  -31.62700
 -8.6406250   15.82321   45.67037  -33.00782
 -8.6250000   15.90502   44.22313  -34.38164
 -8.6093750   15.83989   42.62317  -35.73265
 -8.5937500   15.64720   40.89185  -37.04576
 -8.5781250   15.34647   39.05069  -38.30661
 -8.5625000   14.95738   37.12119  -39.50152
 -8.5468750   14.49971   35.12483  -40.61753
 -8.5312500   13.99335   33.08293  -41.64231
 -8.5156250   13.45827   31.01664  -42.56417
 -8.5000000   12.91451   28.94685  -43.37199
 -8.4843750   12.38216   26.89415  -44.05522
 -8.4687500   11.87771   24.87609  -44.60643
 -8.4531250   11.40319   22.89895  -45.02935
 -8.4375000   10.95702   20.96590  -45.33075
 -8.4218750   10.53760   19.07972  -45.51772
 -8.4062500   10.14331   17.24272  -45.59759
 -8.3906250    9.77252   15.45679  -45.57793
 -8.3750000    9.42353   13.72340  -45.46643
 -8.3593750    9.09463   12.04360  -45.27089
 -8.3437500    8.78405   10.41801  -44.99918
 -8.3281250    8.48998    8.84688  -44.65919
 -8.3125000    8.21054    7.33009  -44.25876
 -8.2968750    7.94381    5.86717  -43.80574
 -8.2812500    7.68779    4.45733  -43.30784
 -8.2656250    7.44044    3.09947  -42.77273
 -8.2500000    7.19967    1.79224  -42.20792
 -8.2343750    6.96330    0.53403  -41.62082
 -8.2187500    6.72958   -0.67669  -41.01792
 -8.2031250    6.49850   -1.84045  -40.40248
 -8.1875000    6.27045   -2.95765  -39.77684
 -8.1718750    6.04576   -4.02887  -39.14318
 -8.1562500    5.82474   -5.05479  -38.50354
 -8.1406250    5.60765   -6.03619  -37.85977
 -8.1250000    5.39470   -6.97399  -37.21361
 -8.1093750    5.18606   -7.86913  -36.56661
 -8.0937500    4.98189   -8.72265  -35.92020
 -8.0781250    4.78231   -9.53562  -35.27567
 -8.0625000    4.58739  -10.30917  -34.63415
 -8.0468750    4.39719  -11.04444  -33.99667
 -8.0312500    4.21174  -11.74258  -33.36412
 -8.0156250    4.03106  -12.40477  -32.73727
 -8.0000000    3.85515  -13.03218  -32.11680
 -7.9843750    3.68396  -13.62596  -31.50328
 -7.9687500    3.51746  -14.18730  -30.89718
 -7.9531250    3.35559  -14.71733  -30.29888
 -7.9375000    3.19829  -15.21719  -29.70868
 -7.9218750    3.04547  -15.68797  -29.12679
 -7.9062500    2.89703  -16.13078  -28.55337
 -7.8906250    2.75288  -16.54667  -27.98849
 -7.8750000    2.61292  -16.93668  -27.43217
 -7.8593750    2.47701  -17.30182  -26.88438
 -7.8437500    2.34505  -17.64308  -26.34502
 -7.8281250    2.21691  -17.96140  -25.81394
 -7.8125000    2.09245  -18.25772  -25.29097
 -7.7968750    1.97155  -18.53292  -24.77587
 -7.7812500    1.85406  -18.78787  -24.26839
 -7.7656250    1.73984  -19.02341  -23.76822
 -7.7500000    1.62876  -19.24035  -23.27503
 -7.7343750    1.52067  -19.43946  -22.78848
 -7.7187500    1.41544  -19.62150  -22.30827
 -7.7031250    1.31301  -19.78714  -21.83442
 -7.6875000    1.21331  -19.93706  -21.36702
 -7.6718750    1.11629  -20.07189  -20.90614
 -7.6562500    1.02189  -20.19224  -20.45185
 -7.6406250    0.93007  -20.29870  -20.00423
 -7.6250000    0.84077  -20.39184  -19.56332
 -7.6093750    0.75394  -20.47220  -19.12917
 -7.5937500    0.66954  -20.54031  -18.70178
 -7.5781250    0.58750  -20.59668  -18.28118
 -7.5625000    0.50778  -20.64179  -17.86735
 -7.5468750    0.43034  -20.67609  -17.46029
 -7.5312500    0.35511  -20.70005  -17.05997
 -7.5156250    0.28206  -20.71408  -16.66637
 -7.5000000    0.21114  -20.71860  -16.27944
 -7.4843750    0.14230  -20.71401  -15.89916
 -7.4687500    0.07550  -20.70068  -15.52547
 -7.4531250    0.01070  -20.67897  -15.15832
 -7.4375000   -0.05215  -20.64925  -14.79767
 -7.4218750   -0.11309  -20.61183  -14.44345
 -7.4062500   -0.17215  -20.56705  -14.09561
 -7.3906250   -0.22937  -20.51522  -13.75409
 -7.3750000   -0.28479  -20.45663  -13.41883
 -7.3593750   -0.33844  -20.39158  -13.08976
 -7.3437500   -0.39035  -20.32033  -12.76683
 -7.3281250   -0.44056  -20.24316  -12.44998
 -7.3125000   -0.48910  -20.16033  -12.13914
 -7.2968750   -0.53600  -20.07207  -11.83425
 -7.2812500   -0.58128  -19.97863  -11.53526
 -7.2656250   -0.62497  -19.88024  -11.24210
 -7.2500000   -0.66709  -19.77713  -10.95472
 -7.2343750   -0.70768  -19.66950  -10.67306
 -7.2187500   -0.74674  -19.55757  -10.39706
 -7.2031250   -0.78431  -19.44153  -10.12668
 -7.1875000   -0.82040  -19.32158   -9.86185
 -7.1718750   -0.85504  -19.19791   -9.60253
 -7.1562500   -0.88824  -19.07070   -9.34867
 -7.1406250   -0.92001  -18.94012   -9.10022
 -7.1250000   -0.95038  -18.80636   -8.85715
 -7.1093750   -0.97935  -18.66956   -8.61939
 -7.0937500   -1.00695  -18.52991   -8.38691
 -7.0781250   -1.03319  -18.38755   -8.15968
 -7.0625000   -1.05807  -18.24263   -7.93765
 -7.0468750   -1.08161  -18.09532   -7.72079
 -7.0312500   -1.10383  -17.94574   -7.50907
 -7.0156250   -1.12472  -17.79404   -7.30245
 -7.0000000   -1.14429  -17.64037   -7.10090
 -6.9843750   -1.16257  -17.48485   -6.90440
 -6.9687500   -1.17954  -17.32762   -6.71291
 -6.9531250   -1.19523  -17.16881   -6.52642
 -6.9375000   -1.20963  -17.00854   -6.34491
 -6.9218750   -1.22274  -16.84694   -6.16834
 -6.9062500   -1.23459  -16.68412   -5.99670
 -6.8906250   -1.24516  -16.52021   -5.82998
 -6.8750000   -1.25446  -16.35532   -5.66816
 -6.8593750   -1.26249  -16.18957   -5.51123
 -6.8437500   -1.26926  -16.02307   -5.35916
 -6.8281250   -1.27476  -15.85592   -5.21196
 -6.8125000   -1.27900  -15.68824   -5.06961
 -6.7968750   -1.28197  -15.52014   -4.93211
 -6.7812500   -1.28369  -15.35171   -4.79944
 -6.7656250   -1.28414  -15.18306   -4.67160
 -6.7500000   -1.28337  -15.01425   -4.54848
 -6.7343750   -1.28142  -14.84536   -4.42998
 -6.7187500   -1.27832  -14.67644   -4.31601
 -6.7031250   -1.27411  -14.50756   -4.20646
 -6.6875000   -1.26883  -14.33877   -4.10123
 -6.6718750   -1.26252  -14.17014   -4.00022
 -6.6562500   -1.25521  -14.00172   -3.90333
 -6.6406250   -1.24694  -13.83357   -3.81048
 -6.6250000   -1.23775  -13.66575   -3.72155
 -6.6093750   -1.22768  -13.49831   -3.63646
 -6.5937500   -1.21675  -13.33130   -3.55511
 -6.5781250   -1.20501  -13.16478   -3.47742
 -6.5625000   -1.19248  -12.99881   -3.40329
 -6.5468750   -1.17922  -12.83343   -3.33264
 -6.5312500   -1.16524  -12.66869   -3.26536
 -6.5156250   -1.15058  -12.50465   -3.20139
 -6.5000000   -1.13528  -12.34135   -3.14062
 -6.4843750   -1.11937  -12.17885   -3.08298
 -6.4687500   -1.10289  -12.01719   -3.02838
 -6.4531250   -1.08586  -11.85642   -2.97673
 -6.4375000   -1.06833  -11.69659   -2.92795
 -6.4218750   -1.05032  -11.53774   -2.88196
 -6.4062500   -1.03186  -11.37992   -2.83868
 -6.3906250   -1.01300  -11.22318   -2.79802
 -6.3750000   -0.99375  -11.06757   -2.75992
 -6.3593750   -0.97415  -10.91312   -2.72427
 -6.3437500   -0.95425  -10.75988   -2.69102
 -6.3281250   -0.93405  -10.60790   -2.66007
 -6.3125000   -0.91360  -10.45722   -2.63136
 -6.2968750   -0.89294  -10.30788   -2.60481
 -6.2812500   -0.87208  -10.15993   -2.58034
 -6.2656250   -0.85106  -10.01341   -2.55787
 -6.2500000   -0.82991   -9.86837   -2.53733
 -6.2343750   -0.80867   -9.72484   -2.51865
 -6.2187500   -0.78736   -9.58286   -2.50175
 -6.2031250   -0.76601   -9.44249   -2.48656
 -6.1875000   -0.74465   -9.30375   -2.47301
 -6.1718750   -0.72332   -9.16670   -2.46103
 -6.1562500   -0.70203   -9.03137   -2.45054
 -6.1406250   -0.68084   -8.89781   -2.44148
 -6.1250000   -0.65975   -8.76604   -2.43376
 -6.1093750   -0.63881   -8.63613   -2.42733
 -6.0937500   -0.61803   -8.50810   -2.42212
 -6.0781250   -0.59746   -8.38199   -2.41805
 -6.0625000   -0.57712   -8.25785   -2.41505
 -6.0468750   -0.55704   -8.13571   -2.41307
 -6.0312500   -0.53724   -8.01562   -2.41202
 -6.0156250   -0.51776   -7.89761   -2.41185
 -6.0000000   -0.49863   -7.78173   -2.41249
 -5.9843750   -0.47987   -7.66801   -2.41386
 -5.9687500   -0.46152   -7.55649   -2.41591
 -5.9531250   -0.44360   -7.44721   -2.41856
 -5.9375000   -0.42613   -7.34021   -2.42176
 -5.9218750   -0.40916   -7.23553   -2.42543
 -5.9062500   -0.39270   -7.13321   -2.42952
 -5.8906250   -0.37679   -7.03328   -2.43396
 -5.8750000   -0.36146   -6.93579   -2.43868
 -5.8593750   -0.34672   -6.84077   -2.44362
 -5.8437500   -0.33261   -6.74826   -2.44872
 -5.8281250   -0.31916   -6.65830   -2.45391
 -5.8125000   -0.30639   -6.57091   -2.45915
 -5.7968750   -0.29429   -6.48607   -2.46440
 -5.7812500   -0.28284   -6.40373   -2.46967
 -5.7656250   -0.27203   -6.32385   -2.47494
 -5.7500000   -0.26183   -6.24639   -2.48020
 -5.7343750   -0.25224   -6.17130   -2.48545
 -5.7187500   -0.24323   -6.09854   -2.49069
 -5.7031250   -0.23479   -6.02806   -2.49589
 -5.6875000   -0.22690   -5.95983   -2.50105
 -5.6718750   -0.21954   -5.89381   -2.50618
 -5.6562500   -0.21270   -5.82994   -2.51125
 -5.6406250   -0.20636   -5.76818   -2.51626
 -5.6250000   -0.20050   -5.70850   -2.52121
 -5.6093750   -0.19510   -5.65084   -2.52609
 -5.5937500   -0.19016   -5.59517   -2.53089
 -5.5781250   -0.18564   -5.54145   -2.53560
 -5.5625000   -0.18153   -5.48961   -2.54023
 -5.5468750   -0.17783   -5.43964   -2.54476
 -5.5312500   -0.17449   -5.39147   -2.54919
 -5.5156250   -0.17152   -5.34508   -2.55351
 -5.5000000   -0.16889   -5.30041   -2.55772
 -5.4843750   -0.16659   -5.25742   -2.56181
 -5.4687500   -0.16460   -5.21606   -2.56579
 -5.4531250   -0.16289   -5.17631   -2.56963
 -5.4375000   -0.16146   -5.13810   -2.57335
 -5.4218750   -0.16028   -5.10140   -2.57692
 -5.4062500   -0.15933   -5.06616   -2.58036
 -5.3906250   -0.15861   -5.03235   -2.58366
 -5.3750000   -0.15809   -4.99991   -2.58680
 -5.3593750   -0.15775   -4.96880   -2.58980
 -5.3437500   -0.15758   -4.93899   -2.59263
 -5.3281250   -0.15755   -4.91042   -2.59531
 -5.3125000   -0.15766   -4.88305   -2.59783
 -5.2968750   -0.15788   -4.85684   -2.60017
 -5.2812500   -0.15819   -4.83175   -2.60235
 -5.2656250   -0.15858   -4.80773   -2.60436
 -5.2500000   -0.15902   -4.78474   -2.60618
 -5.2343750   -0.15951   -4.76273   -2.60784
 -5.2187500   -0.16002   -4.74166   -2.60930
 -5.2031250   -0.16053   -4.72150   -2.61058
 -5.1875000   -0.16103   -4.70219   -2.61168
 -5.1718750   -0.16150   -4.68368   -2.61258
 -5.1562500   -0.16192   -4.66595   -2.61329
 -5.1406250   -0.16227   -4.64894   -2.61381
 -5.1250000   -0.16254   -4.63261   -2.61413
 -5.1093750   -0.16270   -4.61691   -2.61425
 -5.0937500   -0.16274   -4.60181   -2.61417
 -5.0781250   -0.16264   -4.58726   -2.61388
 -5.0625000   -0.16238   -4.57322   -2.61339
 -5.0468750   -0.16195   -4.55964   -2.61269
 -5.0312500   -0.16132   -4.54647   -2.61178
 -5.0156250   -0.16048   -4.53368   -2.61065
 -5.0000000   -0.15941   -4.52123   -2.60932
 -4.9843750   -0.15809   -4.50906   -2.60777
 -4.9687500   -0.15650   -4.49714   -2.60600
 -4.9531250   -0.15463   -4.48542   -2.60401
 -4.9375000   -0.15246   -4.47386   -2.60181
 -4.9218750   -0.14996   -4.46241   -2.59938
 -4.9062500   -0.14712   -4.45103   -2.59673
 -4.8906250   -0.14393   -4.43968   -2.59386
 -4.8750000   -0.14036   -4.42832   -2.59076
 -4.8593750   -0.13640   -4.41690   -2.58744
 -4.8437500   -0.13206   -4.40543   -2.58389
 -4.8281250   -0.12737   -4.39390   -2.58013
 -4.8125000   -0.12233   -4.38233   -2.57616
 -4.7968750   -0.11698   -4.37070   -2.57198
 -4.7812500   -0.11132   -4.35903   -2.56761
 -4.7656250   -0.10538   -4.34732   -2.56304
 -4.7500000   -0.09917   -4.33557   -2.55828
 -4.7343750   -0.09271   -4.32379   -2.55333
 -4.7187500   -0.08603   -4.31197   -2.54821
 -4.7031250   -0.07913   -4.30013   -2.54292
 -4.6875000   -0.07204   -4.28826   -2.53746
 -4.6718750   -0.06477   -4.27637   -2.53184
 -4.6562500   -0.05735   -4.26445   -2.52607
 -4.6406250   -0.04978   -4.25252   -2.52015
 -4.6250000   -0.04210   -4.24058   -2.51408
 -4.6093750   -0.03432   -4.22863   -2.50788
 -4.5937500   -0.02645   -4.21667   -2.50154
 -4.5781250   -0.01852   -4.20470   -2.49508
 -4.5625000   -0.01054   -4.19274   -2.48850
 -4.5468750   -0.00253   -4.18077   -2.48181
 -4.5312500    0.00549   -4.16882   -2.47501
 -4.5156250    0.01351   -4.15687   -2.46811
 -4.5000000    0.02149   -4.14494   -2.46111
 -4.4843750    0.02944   -4.13302   -2.45402
 -4.4687500    0.03732   -4.12113   -2.44686
 -4.4531250    0.04512   -4.10925   -2.43961
 -4.4375000    0.05282   -4.09740   -2.43230
 -4.4218750    0.06040   -4.08559   -2.42492
 -4.4062500    0.06785   -4.07380   -2.41749
 -4.3906250    0.07515   -4.06206   -2.41000
 -4.3750000    0.08227   -4.05035   -2.40247
 -4.3593750    0.08921   -4.03869   -2.39490
 -4.3437500    0.09593   -4.02708   -2.38730
 -4.3281250    0.10243   -4.01552   -2.37967
 -4.3125000    0.10869   -4.00402   -2.37203
 -4.2968750    0.11468   -3.99257   -2.36437
 -4.2812500    0.12039   -3.98119   -2.35671
 -4.2656250    0.12580   -3.96988   -2.34904
 -4.2500000    0.13090   -3.95863   -2.34139
 -4.2343750    0.13566   -3.94747   -2.33375
 -4.2187500    0.14006   -3.93638   -2.32613
 -4.2031250    0.14410   -3.92537   -2.31853
 -4.1875000    0.14774   -3.91446   -2.31098
 -4.1718750    0.15097   -3.90363   -2.30346
 -4.1562500    0.15378   -3.89290   -2.29599
 -4.1406250    0.15614   -3.88227   -2.28857
 -4.1250000    0.15804   -3.87174   -2.28121
 -4.1093750    0.15946   -3.86133   -2.27392
 -4.0937500    0.16037   -3.85102   -2.26670
 -4.0781250    0.16077   -3.84084   -2.25957
 -4.0625000    0.16064   -3.83077   -2.25252
 -4.0468750    0.15994   -3.82083   -2.24557
 -4.0312500    0.15868   -3.81103   -2.23872
 -4.0156250    0.15682   -3.80135   -2.23197
 -4.0000000    0.15436   -3.79183   -2.22534
 -3.9843750    0.15126   -3.78244   -2.21883
 -3.9687500    0.14752   -3.77321   -2.21245
 -3.9531250    0.14312   -3.76413   -2.20621
 -3.9375000    0.13803   -3.75521   -2.20011
 -3.9218750    0.13224   -3.74645   -2.19415
 -3.9062500    0.12574   -3.73787   -2.18835
 -3.8906250    0.11855   -3.72948   -2.18271
 -3.8750000    0.11069   -3.72128   -2.17722
 -3.8593750    0.10219   -3.71331   -2.17189
 -3.8437500    0.09307   -3.70556   -2.16672
 -3.8281250    0.08336   -3.69806   -2.16169
 -3.8125000    0.07309   -3.69082   -2.15683
 -3.7968750    0.06227   -3.68386   -2.15212
 -3.7812500    0.05094   -3.67720   -2.14757
 -3.7656250    0.03913   -3.67084   -2.14317
 -3.7500000    0.02685   -3.66481   -2.13893
 -3.7343750    0.01414   -3.65911   -2.13485
 -3.7187500    0.00101   -3.65378   -2.13092
 -3.7031250   -0.01250   -3.64882   -2.12714
 -3.6875000   -0.02637   -3.64424   -2.12352
 -3.6718750   -0.04057   -3.64007   -2.12006
 -3.6562500   -0.05509   -3.63633   -2.11676
 -3.6406250   -0.06988   -3.63302   -2.11360
 -3.6250000   -0.08494   -3.63016   -2.11061
 -3.6093750   -0.10022   -3.62778   -2.10777
 -3.5937500   -0.11572   -3.62588   -2.10508
 -3.5781250   -0.13139   -3.62449   -2.10256
 -3.5625000   -0.14722   -3.62362   -2.10018
 -3.5468750   -0.16318   -3.62329   -2.09796
 -3.5312500   -0.17924   -3.62351   -2.09590
 -3.5156250   -0.19538   -3.62431   -2.09399
 -3.5000000   -0.21158   -3.62570   -2.09223
 -3.4843750   -0.22780   -3.62769   -2.09063
 -3.4687500   -0.24403   -3.63032   -2.08918
 -3.4531250   -0.26023   -3.63358   -2.08789
 -3.4375000   -0.27639   -3.63751   -2.08675
 -3.4218750   -0.29247   -3.64212   -2.08577
 -3.4062500   -0.30846   -3.64743   -2.08493
 -3.3906250   -0.32432   -3.65345   -2.08426
 -3.3750000   -0.34003   -3.66021   -2.08373
 -3.3593750   -0.35557   -3.66772   -2.08335
 -3.3437500   -0.37090   -3.67600   -2.08313
 -3.3281250   -0.38602   -3.68508   -2.08306
 -3.3125000   -0.40088   -3.69496   -2.08313
 -3.2968750   -0.41547   -3.70568   -2.08336
 -3.2812500   -0.42976   -3.71725   -2.08374
 -3.2656250   -0.44372   -3.72968   -2.08426
 -3.2500000   -0.45733   -3.74301   -2.08494
 -3.2343750   -0.47057   -3.75724   -2.08576
 -3.2187500   -0.48341   -3.77241   -2.08673
 -3.2031250   -0.49582   -3.78852   -2.08784
 -3.1875000   -0.50779   -3.80560   -2.08911
 -3.1718750   -0.51927   -3.82367   -2.09051
 -3.1562500   -0.53026   -3.84276   -2.09206
 -3.1406250   -0.54073   -3.86288   -2.09375
 -3.1250000   -0.55064   -3.88405   -2.09558
 -3.1093750   -0.55998   -3.90630   -2.09755
 -3.0937500   -0.56873   -3.92964   -2.09966
 -3.0781250   -0.57685   -3.95411   -2.10191
 -3.0625000   -0.58432   -3.97972   -2.10430
 -3.0468750   -0.59112   -4.00649   -2.10682
 -3.0312500   -0.59722   -4.03445   -2.10948
 -3.0156250   -0.60261   -4.06362   -2.11226
 -3.0000000   -0.60725   -4.09402   -2.11518
 -2.9843750   -0.61111   -4.12568   -2.11823
 -2.9687500   -0.61419   -4.15862   -2.12141
 -2.9531250   -0.61645   -4.19286   -2.12470
 -2.9375000   -0.61793   -4.22837   -2.12811
 -2.9218750   -0.61866   -4.26512   -2.13159
 -2.9062500   -0.61866   -4.30307   -2.13513
 -2.8906250   -0.61798   -4.34219   -2.13872
 -2.8750000   -0.61663   -4.38245   -2.14231
 -2.8593750   -0.61467   -4.42382   -2.14590
 -2.8437500   -0.61210   -4.46626   -2.14946
 -2.8281250   -0.60898   -4.50974   -2.15297
 -2.8125000   -0.60533   -4.55424   -2.15640
 -2.7968750   -0.60119   -4.59971   -2.15973
 -2.7812500   -0.59658   -4.64614   -2.16295
 -2.7656250   -0.59154   -4.69348   -2.16602
 -2.7500000   -0.58611   -4.74172   -2.16892
 -2.7343750   -0.58031   -4.79081   -2.17163
 -2.7187500   -0.57418   -4.84074   -2.17413
 -2.7031250   -0.56775   -4.89147   -2.17639
 -2.6875000   -0.56106   -4.94298   -2.17839
 -2.6718750   -0.55414   -4.99524   -2.18010
 -2.6562500   -0.54701   -5.04822   -2.18150
 -2.6406250   -0.53973   -5.10189   -2.18257
 -2.6250000   -0.53231   -5.15624   -2.18327
 -2.6093750   -0.52480   -5.21123   -2.18360
 -2.5937500   -0.51723   -5.26684   -2.18350
 -2.5781250   -0.50962   -5.32304   -2.18298
 -2.5625000   -0.50203   -5.37982   -2.18199
 -2.5468750   -0.49447   -5.43715   -2.18052
 -2.5312500   -0.48698   -5.49501   -2.17854
 -2.5156250   -0.47961   -5.55337   -2.17601
 -2.5000000   -0.47238   -5.61222   -2.17292
 -2.4843750   -0.46533   -5.67153   -2.16923
 -2.4687500   -0.45849   -5.73129   -2.16492
 -2.4531250   -0.45190   -5.79147   -2.15996
 -2.4375000   -0.44560   -5.85206   -2.15433
 -2.4218750   -0.43962   -5.91305   -2.14799
 -2.4062500   -0.43399   -5.97441   -2.14091
 -2.3906250   -0.42876   -6.03613   -2.13307
 -2.3750000   -0.42395   -6.09819   -2.12443
 -2.3593750   -0.41961   -6.16059   -2.11497
 -2.3437500   -0.41577   -6.22330   -2.10465
 -2.3281250   -0.41247   -6.28632   -2.09345
 -2.3125000   -0.40975   -6.34964   -2.08132
 -2.2968750   -0.40763   -6.41324   -2.06825
 -2.2812500   -0.40617   -6.47712   -2.05419
 -2.2656250   -0.40540   -6.54127   -2.03912
 -2.2500000   -0.40535   -6.60569   -2.02299
 -2.2343750   -0.40607   -6.67036   -2.00578
 -2.2187500   -0.40760   -6.73528   -1.98744
 -2.2031250   -0.40996   -6.80046   -1.96795
 -2.1875000   -0.41321   -6.86588   -1.94726
 -2.1718750   -0.41738   -6.93156   -1.92535
 -2.1562500   -0.42252   -6.99748   -1.90216
 -2.1406250   -0.42865   -7.06366   -1.87765
 -2.1250000   -0.43583   -7.13009   -1.85181
 -2.1093750   -0.44409   -7.19679   -1.82456
 -2.0937500   -0.45348   -7.26376   -1.79588
 -2.0781250   -0.46404   -7.33100   -1.76573
 -2.0625000   -0.47580   -7.39854   -1.73405
 -2.0468750   -0.48883   -7.46637   -1.70081
 -2.0312500   -0.50314   -7.53452   -1.66595
 -2.0156250   -0.51880   -7.60300   -1.62943
 -2.0000000   -0.53583   -7.67183   -1.59121
 -1.9843750   -0.55419   -7.74109   -1.55136
 -1.9687500   -0.57383   -7.81085   -1.50995
 -1.9531250   -0.59471   -7.88119   -1.46703
 -1.9375000   -0.61678   -7.95219   -1.42269
 -1.9218750   -0.63999   -8.02393   -1.37698
 -1.9062500   -0.66429   -8.09651   -1.32997
 -1.8906250   -0.68963   -8.17001   -1.28173
 -1.8750000   -0.71598   -8.24453   -1.23232
 -1.8593750   -0.74328   -8.32014   -1.18178
 -1.8437500   -0.77149   -8.39697   -1.13020
 -1.8281250   -0.80057   -8.47509   -1.07760
 -1.8125000   -0.83047   -8.55463   -1.02405
 -1.7968750   -0.86115   -8.63568   -0.96960
 -1.7812500   -0.89258   -8.71835   -0.91429
 -1.7656250   -0.92471   -8.80276   -0.85816
 -1.7500000   -0.95751   -8.88901   -0.80127
 -1.7343750   -0.99093   -8.97724   -0.74363
 -1.7187500   -1.02495   -9.06757   -0.68528
 -1.7031250   -1.05951   -9.16012   -0.62627
 -1.6875000   -1.09460   -9.25502   -0.56660
 -1.6718750   -1.13018   -9.35240   -0.50631
 -1.6562500   -1.16622   -9.45242   -0.44541
 -1.6406250   -1.20268   -9.55521   -0.38391
 -1.6250000   -1.23954   -9.66092   -0.32182
 -1.6093750   -1.27678   -9.76970   -0.25915
 -1.5937500   -1.31436   -9.88171   -0.19589
 -1.5781250   -1.35227   -9.99712   -0.13203
 -1.5625000   -1.39048  -10.11609   -0.06757
 -1.5468750   -1.42898  -10.23880   -0.00247
 -1.5312500   -1.46774  -10.36542    0.06329
 -1.5156250   -1.50675  -10.49614    0.12974
 -1.5000000   -1.54600  -10.63116    0.19693
 -1.4843750   -1.58548  -10.77066    0.26490
 -1.4687500   -1.62518  -10.91485    0.33373
 -1.4531250   -1.66509  -11.06395    0.40347
 -1.4375000   -1.70522  -11.21817    0.47421
 -1.4218750   -1.74556  -11.37772    0.54604
 -1.4062500   -1.78611  -11.54284    0.61905
 -1.3906250   -1.82688  -11.71377    0.69337
 -1.3750000   -1.86789  -11.89074    0.76911
 -1.3593750   -1.90914  -12.07401    0.84642
 -1.3437500   -1.95065  -12.26384    0.92545
 -1.3281250   -1.99244  -12.46048    1.00637
 -1.3125000   -2.03454  -12.66422    1.08937
 -1.2968750   -2.07698  -12.87533    1.17464
 -1.2812500   -2.11978  -13.09409    1.26243
 -1.2656250   -2.16300  -13.32080    1.35296
 -1.2500000   -2.20666  -13.55578    1.44649
 -1.2343750   -2.25084  -13.79939    1.54333
 -1.2187500   -2.29560  -14.05199    1.64378
 -1.2031250   -2.34099  -14.31398    1.74818
 -1.1875000   -2.38711  -14.58575    1.85691
 -1.1718750   -2.43403  -14.86772    1.97037
 -1.1562500   -2.48185  -15.16032    2.08899
 -1.1406250   -2.53068  -15.46401    2.21326
 -1.1250000   -2.58062  -15.77927    2.34369
 -1.1093750   -2.63181  -16.10657    2.48085
 -1.0937500   -2.68438  -16.44644    2.62533
 -1.0781250   -2.73848  -16.79940    2.77781
 -1.0625000   -2.79428  -17.16601    2.93901
 -1.0468750   -2.85202  -17.54672    3.10975
 -1.0312500   -2.91228  -17.94153    3.29118
 -1.0156250   -2.97570  -18.35033    3.48456
 -1.0000000   -3.04297  -18.77302    3.69124
 -0.9843750   -3.11477  -19.20957    3.91265
 -0.9687500   -3.19183  -19.65992    4.15030
 -0.9531250   -3.27487  -20.12409    4.40584
 -0.9375000   -3.36468  -20.60208    4.68100
 -0.9218750   -3.46203  -21.09395    4.97765
 -0.9062500   -3.56774  -21.59977    5.29779
 -0.8906250   -3.68267  -22.11963    5.64356
 -0.8750000   -3.80770  -22.65366    6.01729
 -0.8593750   -3.94375  -23.20200    6.42145
 -0.8437500   -4.09177  -23.76482    6.85873
 -0.8281250   -4.25278  -24.34229    7.33204
 -0.8125000   -4.42783  -24.93463    7.84452
 -0.7968750   -4.61800  -25.54205    8.39959
 -0.7812500   -4.82447  -26.16475    9.00094
 -0.7656250   -5.04844  -26.80296    9.65262
 -0.7500000   -5.29119  -27.45690   10.35900
 -0.7343750   -5.55409  -28.12673   11.12489
 -0.7187500   -5.83857  -28.81264   11.95554
 -0.7031250   -6.14615  -29.51471   12.85670
 -0.6875000   -6.47843  -30.23299   13.83467
 -0.6718750   -6.83714  -30.96744   14.89640
 -0.6562500   -7.22411  -31.71789   16.04953
 -0.6406250   -7.64128  -32.48401   17.30251
 -0.6250000   -8.09073  -33.26514   18.66460
 -0.6093750   -8.57463  -34.06021   20.14604
 -0.5937500   -9.09531  -34.86774   21.75812
 -0.5781250   -9.65524  -35.68570   23.51335
 -0.5625000  -10.25706  -36.51141   25.42560
 -0.5468750  -10.90250  -37.34205   27.50837
 -0.5312500  -11.58935  -38.17648   29.76941
 -0.5156250  -12.31448  -39.01295   32.21650
 -0.5000000  -13.07497  -39.84808   34.85950
 -0.4843750  -13.86800  -40.67647   37.71065
 -0.4687500  -14.69089  -41.49021   40.78475
 -0.4531250  -15.54104  -42.27818   44.09946
 -0.4375000  -16.41586  -43.02534   47.67548
 -0.4218750  -17.31266  -43.71170   51.53677
 -0.4062500  -18.22852  -44.31104   55.71062
 -0.3906250  -19.16006  -44.78948   60.22767
 -0.3750000  -20.10312  -45.10351   65.12163
 -0.3593750  -21.05240  -45.19783   70.42871
 -0.3437500  -22.00080  -45.00259   76.18648
 -0.3281250  -22.93874  -44.43022   82.43210
 -0.3125000  -23.85313  -43.37201   89.19962
 -0.2968750  -24.73084  -41.70668   96.51964
 -0.2812500  -25.57161  -39.33420  104.42498
 -0.2656250  -26.37136  -36.13470  112.92989
 -0.2500000  -27.11492  -31.95378  122.01430
 -0.2343750  -27.77335  -26.60354  131.60811
 -0.2187500  -28.30115  -19.86860  141.57182
 -0.2031250  -28.63407  -11.51963  151.67425
 -0.1875000  -28.68837   -1.33819  161.56903
 -0.1718750  -28.36283   10.84362  170.77552
 -0.1562500  -27.54514   25.08768  178.67205
 -0.1406250  -26.12408   41.28142  184.51164
 -0.1250000  -24.00861   59.06663  187.47271
 -0.1093750  -21.14358   77.84087  186.75790
 -0.0937500  -17.51052   96.91070  181.74267
 -0.0781250  -13.17048  115.37896  172.09374
 -0.0625000   -8.27549  132.21629  157.87730
 -0.0468750   -3.05204  146.44253  139.60567
 -0.0312500    2.23208  157.31391  118.18884
 -0.0156250    7.31239  164.46267   94.80093
  0.0000000   11.96769  167.94961   70.70042
