-10.0000000  112.21598  123.67369 -504.18236  -24.79888  -85.41462   68.09675
 -9.9921875  112.02210  123.00624 -503.64935  -24.83647  -85.45482   68.35348
 -9.9843750  111.82791  122.33846 -503.11434  -24.87431  -85.49517   68.60722
 -9.9765625  111.63343  121.67037 -502.57737  -24.91239  -85.53568   68.85807
 -9.9687500  111.43866  121.00197 -502.03844  -24.95072  -85.57633   69.10611
 -9.9609375  111.24358  120.33324 -501.49759  -24.98929  -85.61711   69.35144
 -9.9531250  111.04820  119.66420 -500.95484  -25.02809  -85.65802   69.59414
 -9.9453125  110.85251  118.99484 -500.41019  -25.06712  -85.69906   69.83430
 -9.9375000  110.65652  118.32515 -499.86368  -25.10638  -85.74023   70.07199
 -9.9296875  110.46023  117.65514 -499.31532  -25.14586  -85.78150   70.30730
 -9.9218750  110.26362  116.98482 -498.76513  -25.18556  -85.82289   70.54032
 -9.9140625  110.06670  116.31416 -498.21314  -25.22547  -85.86438   70.77113
 -9.9062500  109.86947  115.64318 -497.65934  -25.26560  -85.90597   70.99980
 -9.8984375  109.67193  114.97188 -497.10377  -25.30593  -85.94766   71.22643
 -9.8906250  109.47407  114.30025 -496.54643  -25.34647  -85.98943   71.45107
 -9.8828125  109.27589  113.62830 -495.98735  -25.38720  -86.03129   71.67382
 -9.8750000  109.07739  112.95601 -495.42654  -25.42814  -86.07322   71.89476
 -9.8671875  108.87857  112.28340 -494.86400  -25.46927  -86.11523   72.11395
 -9.8593750  108.67943  111.61046 -494.29976  -25.51059  -86.15731   72.33147
 -9.8515625  108.47997  110.93719 -493.73382  -25.55209  -86.19945   72.54740
 -9.8437500  108.28018  110.26360 -493.16621  -25.59378  -86.24164   72.76181
 -9.8359375  108.08007  109.58967 -492.59693  -25.63565  -86.28389   72.97477
 -9.8281250  107.87962  108.91541 -492.02598  -25.67770  -86.32619   73.18636
 -9.8203125  107.67885  108.24082 -491.45339  -25.71992  -86.36853   73.39664
 -9.8125000  107.47775  107.56590 -490.87916  -25.76232  -86.41090   73.60569
 -9.8046875  107.27631  106.89065 -490.30331  -25.80488  -86.45331   73.81356
 -9.7968750  107.07455  106.21507 -489.72583  -25.84761  -86.49574   74.02034
 -9.7890625  106.87244  105.53915 -489.14674  -25.89050  -86.53820   74.22609
 -9.7812500  106.67001  104.86291 -488.56605  -25.93355  -86.58067   74.43088
 -9.7734375  106.46723  104.18633 -487.98376  -25.97675  -86.62316   74.63476
 -9.7656250  106.26412  103.50942 -487.39988  -26.02012  -86.66565   74.83780
 -9.7578125  106.06067  102.83218 -486.81442  -26.06363  -86.70814   75.04007
 -9.7500000  105.85688  102.15461 -486.22738  -26.10729  -86.75063   75.24163
 -9.7421875  105.65274  101.47670 -485.63877  -26.15110  -86.79311   75.44255
 -9.7343750  105.44826  100.79846 -485.04860  -26.19505  -86.83557   75.64287
 -9.7265625  105.24344  100.11990 -484.45685  -26.23914  -86.87802   75.84266
 -9.7187500  105.03828   99.44100 -483.86356  -26.28337  -86.92044   76.04199
 -9.7109375  104.83277   98.76176 -483.26870  -26.32774  -86.96284   76.24090
 -9.7031250  104.62691   98.08220 -482.67229  -26.37224  -87.00520   76.43945
 -9.6953125  104.42070   97.40231 -482.07433  -26.41687  -87.04753   76.63771
 -9.6875000  104.21414   96.72208 -481.47483  -26.46163  -87.08981   76.83572
 -9.6796875  104.00724   96.04153 -480.87378  -26.50652  -87.13205   77.03354
 -9.6718750  103.79998   95.36065 -480.27118  -26.55154  -87.17423   77.23123
 -9.6640625  103.59237   94.67943 -479.66704  -26.59668  -87.21635   77.42883
 -9.6562500  103.38440   93.99789 -479.06135  -26.64194  -87.25841   77.62639
 -9.6484375  103.17609   93.31602 -478.45413  -26.68732  -87.30041   77.82398
 -9.6406250  102.96741   92.63382 -477.84535  -26.73281  -87.34233   78.02163
 -9.6328125  102.75839   91.95130 -477.23504  -26.77842  -87.38418   78.21939
 -9.6250000  102.54900   91.26844 -476.62318  -26.82415  -87.42594   78.41732
 -9.6171875  102.33926   90.58527 -476.00977  -26.86998  -87.46762   78.61547
 -9.6093750  102.12916   89.90176 -475.39481  -26.91593  -87.50921   78.81386
 -9.6015625  101.91870   89.21794 -474.77830  -26.96198  -87.55070   79.01256
 -9.5937500  101.70788   88.53378 -474.16024  -27.00815  -87.59209   79.21161
 -9.5859375  101.49669   87.84931 -473.54062  -27.05441  -87.63338   79.41105
 -9.5781250  101.28515   87.16451 -472.91944  -27.10079  -87.67456   79.61091
 -9.5703125  101.07324   86.47939 -472.29670  -27.14726  -87.71562   79.81125
 -9.5625000  100.86097   85.79396 -471.67239  -27.19383  -87.75656   80.01211
 -9.5546875  100.64834   85.10820 -471.04650  -27.24051  -87.79738   80.21352
 -9.5468750  100.43534   84.42212 -470.41905  -27.28728  -87.83807   80.41552
 -9.5390625  100.22198   83.73573 -469.79001  -27.33415  -87.87863   80.61815
 -9.5312500  100.00825   83.04902 -469.15939  -27.38112  -87.91905   80.82144
 -9.5234375   99.79415   82.36199 -468.52717  -27.42818  -87.95933   81.02545
 -9.5156250   99.57968   81.67466 -467.89336  -27.47533  -87.99946   81.23019
 -9.5078125   99.36484   80.98700 -467.25795  -27.52258  -88.03944   81.43570
 -9.5000000   99.14964   80.29904 -466.62093  -27.56992  -88.07926   81.64202
 -9.4921875   98.93406   79.61077 -465.98229  -27.61735  -88.11892   81.84918
 -9.4843750   98.71812   78.92218 -465.34203  -27.66488  -88.15842   82.05720
 -9.4765625   98.50180   78.23329 -464.70015  -27.71249  -88.19775   82.26613
 -9.4687500   98.28511   77.54409 -464.05662  -27.76019  -88.23690   82.47599
 -9.4609375   98.06805   76.85459 -463.41146  -27.80797  -88.27587   82.68681
 -9.4531250   97.85061   76.16478 -462.76464  -27.85585  -88.31467   82.89862
 -9.4453125   97.63280   75.47467 -462.11616  -27.90381  -88.35327   83.11144
 -9.4375000   97.41461   74.78426 -461.46602  -27.95186  -88.39168   83.32531
 -9.4296875   97.19605   74.09355 -460.81420  -27.99999  -88.42989   83.54024
 -9.4218750   96.97711   73.40255 -460.16070  -28.04821  -88.46791   83.75626
 -9.4140625   96.75780   72.71124 -459.50551  -28.09652  -88.50572   83.97339
 -9.4062500   96.53810   72.01964 -458.84861  -28.14491  -88.54331   84.19167
 -9.3984375   96.31803   71.32775 -458.19001  -28.19338  -88.58069   84.41110
 -9.3906250   96.09758   70.63557 -457.52969  -28.24194  -88.61786   84.63171
 -9.3828125   95.87675   69.94310 -456.86764  -28.29058  -88.65480   84.85352
 -9.3750000   95.65554   69.25034 -456.20385  -28.33931  -88.69151   85.07655
 -9.3671875   95.43395   68.55730 -455.53831  -28.38812  -88.72799   85.30081
 -9.3593750   95.21198   67.86397 -454.87102  -28.43702  -88.76423   85.52633
 -9.3515625   94.98962   67.17036 -454.20196  -28.48600  -88.80023   85.75312
 -9.3437500   94.76688   66.47646 -453.53112  -28.53506  -88.83599   85.98119
 -9.3359375   94.54376   65.78229 -452.85850  -28.58421  -88.87149   86.21057
 -9.3281250   94.32025   65.08785 -452.18408  -28.63345  -88.90675   86.44126
 -9.3203125   94.09636   64.39313 -451.50785  -28.68277  -88.94174   86.67327
 -9.3125000   93.87209   63.69813 -450.82981  -28.73217  -88.97647   86.90663
 -9.3046875   93.64742   63.00287 -450.14993  -28.78167  -89.01093   87.14134
 -9.2968750   93.42237   62.30734 -449.46822  -28.83124  -89.04512   87.37740
 -9.2890625   93.19693   61.61154 -448.78466  -28.88091  -89.07903   87.61483
 -9.2812500   92.97111   60.91548 -448.09923  -28.93066  -89.11266   87.85365
 -9.2734375   92.74489   60.21916 -447.41194  -28.98051  -89.14601   88.09384
 -9.2656250   92.51829   59.52257 -446.72276  -29.03044  -89.17907   88.33543
 -9.2578125   92.29129   58.82573 -446.03169  -29.08046  -89.21183   88.57842
 -9.2500000   92.06390   58.12864 -445.33872  -29.13057  -89.24429   88.82281
 -9.2421875   91.83613   57.43129 -444.64383  -29.18077  -89.27646   89.06860
 -9.2343750   91.60796   56.73370 -443.94702  -29.23107  -89.30831   89.31580
 -9.2265625   91.37939   56.03585 -443.24827  -29.28146  -89.33985   89.56442
 -9.2187500   91.15043   55.33776 -442.54757  -29.33194  -89.37108   89.81445
 -9.2109375   90.92108   54.63943 -441.84492  -29.38252  -89.40199   90.06589
 -9.2031250   90.69133   53.94086 -441.14029  -29.43320  -89.43257   90.31874
 -9.1953125   90.46118   53.24205 -440.43368  -29.48397  -89.46282   90.57301
 -9.1875000   90.23064   52.54300 -439.72508  -29.53485  -89.49274   90.82868
 -9.1796875   89.99970   51.84372 -439.01448  -29.58582  -89.52233   91.08576
 -9.1718750   89.76836   51.14422 -438.30187  -29.63690  -89.55157   91.34424
 -9.1640625   89.53663   50.44448 -437.58722  -29.68808  -89.58046   91.60412
 -9.1562500   89.30449   49.74452 -436.87055  -29.73936  -89.60900   91.86538
 -9.1484375   89.07195   49.04434 -436.15182  -29.79075  -89.63719   92.12804
 -9.1406250   88.83901   48.34394 -435.43104  -29.84225  -89.66502   92.39207
 -9.1328125   88.60566   47.64333 -434.70819  -29.89386  -89.69248   92.65746
 -9.1250000   88.37191   46.94250 -433.98327  -29.94558  -89.71957   92.92422
 -9.1171875   88.13776   46.24146 -433.25625  -29.99742  -89.74629   93.19233
 -9.1093750   87.90320   45.54021 -432.52713  -30.04937  -89.77263   93.46177
 -9.1015625   87.66824   44.83876 -431.79591  -30.10143  -89.79859   93.73254
 -9.0937500   87.43287   44.13711 -431.06256  -30.15362  -89.82417   94.00463
 -9.0859375   87.19709   43.43526 -430.32708  -30.20592  -89.84935   94.27802
 -9.0781250   86.96090   42.73322 -429.58946  -30.25835  -89.87413   94.55271
 -9.0703125   86.72430   42.03098 -428.84969  -30.31090  -89.89852   94.82868
 -9.0625000   86.48729   41.32855 -428.10776  -30.36358  -89.92250   95.10592
 -9.0546875   86.24987   40.62594 -427.36366  -30.41639  -89.94607   95.38443
 -9.0468750   86.01204   39.92315 -426.61737  -30.46932  -89.96923   95.66419
 -9.0390625   85.77379   39.22017 -425.86890  -30.52239  -89.99196   95.94519
 -9.0312500   85.53512   38.51702 -425.11823  -30.57559  -90.01427   96.22744
 -9.0234375   85.29604   37.81370 -424.36534  -30.62893  -90.03616   96.51091
 -9.0156250   85.05655   37.11021 -423.61024  -30.68240  -90.05760   96.79560
 -9.0078125   84.81663   36.40655 -422.85291  -30.73601  -90.07861   97.08150
 -9.0000000   84.57630   35.70273 -422.09334  -30.78976  -90.09918   97.36861
 -8.9921875   84.33554   34.99875 -421.33152  -30.84365  -90.11929   97.65691
 -8.9843750   84.09436   34.29462 -420.56745  -30.89768  -90.13896   97.94641
 -8.9765625   83.85276   33.59033 -419.80111  -30.95186  -90.15816   98.23708
 -8.9687500   83.61074   32.88590 -419.03249  -31.00618  -90.17690   98.52893
 -8.9609375   83.36829   32.18132 -418.26159  -31.06065  -90.19516   98.82195
 -8.9531250   83.12542   31.47660 -417.48839  -31.11528  -90.21296   99.11613
 -8.9453125   82.88212   30.77174 -416.71290  -31.17005  -90.23027   99.41147
 -8.9375000   82.63839   30.06675 -415.93509  -31.22497  -90.24710   99.70796
 -8.9296875   82.39423   29.36163 -415.15496  -31.28005  -90.26343  100.00559
 -8.9218750   82.14963   28.65639 -414.37250  -31.33529  -90.27927  100.30437
 -8.9140625   81.90461   27.95102 -413.58770  -31.39068  -90.29461  100.60428
 -8.9062500   81.65915   27.24554 -412.80055  -31.44623  -90.30943  100.90533
 -8.8984375   81.41326   26.53994 -412.01105  -31.50194  -90.32375  101.20750
 -8.8906250   81.16694   25.83423 -411.21918  -31.55781  -90.33754  101.51080
 -8.8828125   80.92017   25.12842 -410.42494  -31.61385  -90.35081  101.81521
 -8.8750000   80.67297   24.42250 -409.62832  -31.67005  -90.36355  102.12075
 -8.8671875   80.42533   23.71649 -408.82930  -31.72641  -90.37576  102.42740
 -8.8593750   80.17724   23.01038 -408.02789  -31.78295  -90.38742  102.73516
 -8.8515625   79.92872   22.30418 -407.22406  -31.83965  -90.39853  103.04402
 -8.8437500   79.67975   21.59790 -406.41782  -31.89652  -90.40908  103.35400
 -8.8359375   79.43033   20.89154 -405.60915  -31.95356  -90.41908  103.66508
 -8.8281250   79.18047   20.18511 -404.79805  -32.01078  -90.42851  103.97726
 -8.8203125   78.93017   19.47860 -403.98450  -32.06816  -90.43736  104.29055
 -8.8125000   78.67941   18.77203 -403.16851  -32.12573  -90.44564  104.60493
 -8.8046875   78.42820   18.06539 -402.35005  -32.18347  -90.45333  104.92042
 -8.7968750   78.17654   17.35869 -401.52912  -32.24139  -90.46042  105.23701
 -8.7890625   77.92443   16.65195 -400.70572  -32.29948  -90.46692  105.55469
 -8.7812500   77.67186   15.94515 -399.87983  -32.35776  -90.47281  105.87348
 -8.7734375   77.41884   15.23831 -399.05144  -32.41622  -90.47809  106.19337
 -8.7656250   77.16536   14.53143 -398.22055  -32.47486  -90.48275  106.51435
 -8.7578125   76.91142   13.82452 -397.38715  -32.53369  -90.48678  106.83644
 -8.7500000   76.65702   13.11758 -396.55123  -32.59270  -90.49018  107.15964
 -8.7421875   76.40216   12.41061 -395.71278  -32.65189  -90.49294  107.48394
 -8.7343750   76.14683   11.70363 -394.87179  -32.71128  -90.49505  107.80934
 -8.7265625   75.89104   10.99663 -394.02826  -32.77085  -90.49651  108.13586
 -8.7187500   75.63479   10.28962 -393.18217  -32.83061  -90.49730  108.46349
 -8.7109375   75.37806    9.58261 -392.33351  -32.89056  -90.49743  108.79223
 -8.7031250   75.12087    8.87560 -391.48228  -32.95071  -90.49688  109.12209
 -8.6953125   74.86321    8.16860 -390.62848  -33.01105  -90.49564  109.45307
 -8.6875000   74.60507    7.46161 -389.77208  -33.07158  -90.49372  109.78518
 -8.6796875   74.34646    6.75464 -388.91308  -33.13230  -90.49109  110.11841
 -8.6718750   74.08738    6.04769 -388.05147  -33.19322  -90.48776  110.45278
 -8.6640625   73.82782    5.34077 -387.18725  -33.25434  -90.48371  110.78829
 -8.6562500   73.56778    4.63388 -386.32040  -33.31566  -90.47894  111.12494
 -8.6484375   73.30726    3.92703 -385.45092  -33.37717  -90.47344  111.46274
 -8.6406250   73.04626    3.22023 -384.57880  -33.43889  -90.46720  111.80169
 -8.6328125   72.78478    2.51349 -383.70402  -33.50080  -90.46021  112.14180
 -8.6250000   72.52281    1.80680 -382.82658  -33.56292  -90.45246  112.48308
 -8.6171875   72.26036    1.10017 -381.94647  -33.62524  -90.44395  112.82553
 -8.6093750   71.99742    0.39361 -381.06368  -33.68776  -90.43467  113.16916
 -8.6015625   71.73399   -0.31287 -380.17820  -33.75048  -90.42461  113.51398
 -8.5937500   71.47006   -1.01927 -379.29002  -33.81342  -90.41375  113.85999
 -8.5859375   71.20565   -1.72558 -378.39913  -33.87655  -90.40210  114.20720
 -8.5781250   70.94074   -2.43180 -377.50553  -33.93990  -90.38963  114.55562
 -8.5703125   70.67534   -3.13792 -376.60920  -34.00345  -90.37635  114.90525
 -8.5625000   70.40944   -3.84393 -375.71013  -34.06720  -90.36224  115.25612
 -8.5546875   70.14304   -4.54983 -374.80832  -34.13117  -90.34730  115.60822
 -8.5468750   69.87614   -5.25560 -373.90375  -34.19535  -90.33150  115.96156
 -8.5390625   69.60874   -5.96126 -372.99641  -34.25973  -90.31486  116.31616
 -8.5312500   69.34083   -6.66677 -372.08630  -34.32433  -90.29734  116.67202
 -8.5234375   69.07242   -7.37215 -371.17341  -34.38914  -90.27895  117.02915
 -8.5156250   68.80350   -8.07738 -370.25772  -34.45416  -90.25968  117.38757
 -8.5078125   68.53407   -8.78245 -369.33922  -34.51939  -90.23951  117.74729
 -8.5000000   68.26413   -9.48737 -368.41791  -34.58484  -90.21843  118.10831
 -8.4921875   67.99368  -10.19211 -367.49378  -34.65050  -90.19644  118.47066
 -8.4843750   67.72272  -10.89669 -366.56681  -34.71637  -90.17352  118.83433
 -8.4765625   67.45124  -11.60107 -365.63699  -34.78246  -90.14966  119.19934
 -8.4687500   67.17924  -12.30527 -364.70431  -34.84877  -90.12485  119.56571
 -8.4609375   66.90673  -13.00927 -363.76877  -34.91529  -90.09908  119.93345
 -8.4531250   66.63369  -13.71307 -362.83035  -34.98202  -90.07234  120.30256
 -8.4453125   66.36013  -14.41665 -361.88904  -35.04898  -90.04462  120.67308
 -8.4375000   66.08605  -15.12001 -360.94483  -35.11615  -90.01590  121.04500
 -8.4296875   65.81144  -15.82315 -359.99771  -35.18354  -89.98617  121.41834
 -8.4218750   65.53631  -16.52604 -359.04766  -35.25114  -89.95543  121.79312
 -8.4140625   65.26064  -17.22870 -358.09469  -35.31897  -89.92366  122.16935
 -8.4062500   64.98445  -17.93110 -357.13876  -35.38701  -89.89085  122.54704
 -8.3984375   64.70772  -18.63324 -356.17989  -35.45527  -89.85698  122.92622
 -8.3906250   64.43046  -19.33511 -355.21804  -35.52376  -89.82204  123.30690
 -8.3828125   64.15266  -20.03670 -354.25321  -35.59246  -89.78603  123.68908
 -8.3750000   63.87432  -20.73801 -353.28539  -35.66138  -89.74892  124.07280
 -8.3671875   63.59545  -21.43903 -352.31457  -35.73052  -89.71070  124.45807
 -8.3593750   63.31603  -22.13974 -351.34073  -35.79988  -89.67137  124.84490
 -8.3515625   63.03608  -22.84014 -350.36386  -35.86946  -89.63090  125.23332
 -8.3437500   62.75557  -23.54022 -349.38396  -35.93926  -89.58929  125.62333
 -8.3359375   62.47452  -24.23997 -348.40100  -36.00929  -89.54651  126.01496
 -8.3281250   62.19293  -24.93938 -347.41497  -36.07953  -89.50256  126.40823
 -8.3203125   61.91078  -25.63844 -346.42586  -36.14999  -89.45743  126.80315
 -8.3125000   61.62808  -26.33715 -345.43366  -36.22068  -89.41108  127.19975
 -8.3046875   61.34483  -27.03549 -344.43836  -36.29158  -89.36352  127.59804
 -8.2968750   61.06103  -27.73345 -343.43994  -36.36271  -89.31473  127.99804
 -8.2890625   60.77666  -28.43103 -342.43839  -36.43405  -89.26468  128.39978
 -8.2812500   60.49174  -29.12821 -341.43369  -36.50562  -89.21337  128.80327
 -8.2734375   60.20626  -29.82498 -340.42583  -36.57741  -89.16079  129.20854
 -8.2656250   59.92022  -30.52134 -339.41480  -36.64942  -89.10690  129.61561
 -8.2578125   59.63362  -31.21728 -338.40058  -36.72164  -89.05171  130.02449
 -8.2500000   59.34645  -31.91277 -337.38316  -36.79409  -88.99518  130.43521
 -8.2421875   59.05871  -32.60782 -336.36253  -36.86676  -88.93731  130.84780
 -8.2343750   58.77040  -33.30242 -335.33866  -36.93965  -88.87808  131.26227
 -8.2265625   58.48153  -33.99654 -334.31155  -37.01275  -88.81746  131.67866
 -8.2187500   58.19208  -34.69018 -333.28118  -37.08608  -88.75545  132.09697
 -8.2109375   57.90205  -35.38334 -332.24753  -37.15962  -88.69203  132.51724
 -8.2031250   57.61146  -36.07599 -331.21059  -37.23339  -88.62717  132.93948
 -8.1953125   57.32028  -36.76814 -330.17035  -37.30736  -88.56086  133.36373
 -8.1875000   57.02853  -37.45975 -329.12678  -37.38156  -88.49308  133.79000
 -8.1796875   56.73620  -38.15084 -328.07987  -37.45597  -88.42380  134.21832
 -8.1718750   56.44328  -38.84137 -327.02961  -37.53060  -88.35302  134.64871
 -8.1640625   56.14978  -39.53135 -325.97598  -37.60545  -88.28071  135.08118
 -8.1562500   55.85569  -40.22075 -324.91896  -37.68050  -88.20684  135.51577
 -8.1484375   55.56102  -40.90958 -323.85854  -37.75578  -88.13141  135.95250
 -8.1406250   55.26576  -41.59780 -322.79470  -37.83126  -88.05438  136.39138
 -8.1328125   54.96991  -42.28542 -321.72742  -37.90696  -87.97574  136.83245
 -8.1250000   54.67346  -42.97242 -320.65669  -37.98286  -87.89547  137.27571
 -8.1171875   54.37642  -43.65878 -319.58248  -38.05898  -87.81353  137.72120
 -8.1093750   54.07879  -44.34450 -318.50479  -38.13531  -87.72992  138.16893
 -8.1015625   53.78056  -45.02956 -317.42359  -38.21184  -87.64460  138.61893
 -8.0937500   53.48173  -45.71394 -316.33886  -38.28858  -87.55755  139.07122
 -8.0859375   53.18230  -46.39764 -315.25059  -38.36552  -87.46875  139.52581
 -8.0781250   52.88227  -47.08064 -314.15876  -38.44267  -87.37818  139.98274
 -8.0703125   52.58163  -47.76292 -313.06336  -38.52002  -87.28580  140.44202
 -8.0625000   52.28039  -48.44447 -311.96435  -38.59757  -87.19159  140.90367
 -8.0546875   51.97854  -49.12528 -310.86173  -38.67531  -87.09554  141.36771
 -8.0468750   51.67609  -49.80534 -309.75547  -38.75326  -86.99760  141.83417
 -8.0390625   51.37302  -50.48462 -308.64556  -38.83140  -86.89776  142.30307
 -8.0312500   51.06935  -51.16311 -307.53198  -38.90974  -86.79598  142.77442
 -8.0234375   50.76506  -51.84080 -306.41471  -38.98827  -86.69224  143.24824
 -8.0156250   50.46016  -52.51767 -305.29372  -39.06698  -86.58652  143.72456
 -8.0078125   50.15464  -53.19371 -304.16900  -39.14589  -86.47877  144.20340
 -8.0000000   49.84850  -53.86890 -303.04054  -39.22498  -86.36898  144.68478
 -7.9921875   49.54175  -54.54322 -301.90830  -39.30426  -86.25710  145.16872
 -7.9843750   49.23437  -55.21666 -300.77227  -39.38372  -86.14312  145.65523
 -7.9765625   48.92638  -55.88920 -299.63243  -39.46336  -86.02700  146.14434
 -7.9687500   48.61776  -56.56082 -298.48876  -39.54317  -85.90871  146.63606
 -7.9609375   48.30851  -57.23152 -297.34123  -39.62316  -85.78821  147.13043
 -7.9531250   47.99864  -57.90126 -296.18984  -39.70332  -85.66548  147.62745
 -7.9453125   47.68815  -58.57003 -295.03455  -39.78366  -85.54047  148.12715
 -7.9375000   47.37702  -59.23782 -293.87534  -39.86415  -85.41316  148.62954
 -7.9296875   47.06527  -59.90461 -292.71220  -39.94482  -85.28351  149.13465
 -7.9218750   46.75289  -60.57037 -291.54511  -40.02564  -85.15149  149.64249
 -7.9140625   46.43987  -61.23509 -290.37403  -40.10662  -85.01705  150.15309
 -7.9062500   46.12622  -61.89876 -289.19896  -40.18776  -84.88017  150.66646
 -7.8984375   45.81193  -62.56134 -288.01986  -40.26905  -84.74080  151.18262
 -7.8906250   45.49702  -63.22283 -286.83672  -40.35048  -84.59891  151.70160
 -7.8828125   45.18146  -63.88319 -285.64952  -40.43207  -84.45446  152.22340
 -7.8750000   44.86526  -64.54242 -284.45822  -40.51379  -84.30740  152.74805
 -7.8671875   44.54843  -65.20049 -283.26282  -40.59565  -84.15771  153.27557
 -7.8593750   44.23096  -65.85738 -282.06329  -40.67765  -84.00533  153.80597
 -7.8515625   43.91284  -66.51306 -280.85959  -40.75978  -83.85022  154.33928
 -7.8437500   43.59408  -67.16753 -279.65173  -40.84203  -83.69235  154.87551
 -7.8359375   43.27468  -67.82075 -278.43966  -40.92441  -83.53166  155.41468
 -7.8281250   42.95464  -68.47270 -277.22336  -41.00690  -83.36812  155.95681
 -7.8203125   42.63395  -69.12337 -276.00282  -41.08951  -83.20168  156.50191
 -7.8125000   42.31262  -69.77272 -274.77801  -41.17223  -83.03229  157.05000
 -7.8046875   41.99063  -70.42074 -273.54891  -41.25506  -82.85991  157.60111
 -7.7968750   41.66801  -71.06740 -272.31549  -41.33798  -82.68449  158.15525
 -7.7890625   41.34473  -71.71268 -271.07773  -41.42100  -82.50598  158.71243
 -7.7812500   41.02080  -72.35655 -269.83560  -41.50412  -82.32433  159.27268
 -7.7734375   40.69623  -72.99899 -268.58908  -41.58732  -82.13948  159.83601
 -7.7656250   40.37100  -73.63997 -267.33815  -41.67059  -81.95140  160.40243
 -7.7578125   40.04512  -74.27947 -266.08279  -41.75395  -81.76002  160.97197
 -7.7500000   39.71859  -74.91746 -264.82296  -41.83737  -81.56530  161.54464
 -7.7421875   39.39141  -75.55392 -263.55864  -41.92086  -81.36717  162.12045
 -7.7343750   39.06358  -76.18881 -262.28982  -42.00441  -81.16558  162.69943
 -7.7265625   38.73510  -76.82212 -261.01646  -42.08800  -80.96049  163.28159
 -7.7187500   38.40596  -77.45381 -259.73854  -42.17165  -80.75182  163.86695
 -7.7109375   38.07616  -78.08386 -258.45603  -42.25533  -80.53951  164.45551
 -7.7031250   37.74572  -78.71223 -257.16891  -42.33905  -80.32352  165.04730
 -7.6953125   37.41462  -79.33890 -255.87716  -42.42280  -80.10378  165.64234
 -7.6875000   37.08286  -79.96384 -254.58074  -42.50656  -79.88022  166.24063
 -7.6796875   36.75045  -80.58702 -253.27964  -42.59034  -79.65278  166.84219
 -7.6718750   36.41739  -81.20841 -251.97382  -42.67412  -79.42141  167.44704
 -7.6640625   36.08367  -81.82797 -250.66327  -42.75790  -79.18602  168.05519
 -7.6562500   35.74929  -82.44568 -249.34795  -42.84167  -78.94656  168.66666
 -7.6484375   35.41427  -83.06150 -248.02784  -42.92542  -78.70295  169.28145
 -7.6406250   35.07858  -83.67540 -246.70292  -43.00915  -78.45513  169.89959
 -7.6328125   34.74225  -84.28735 -245.37315  -43.09284  -78.20302  170.52108
 -7.6250000   34.40526  -84.89731 -244.03852  -43.17649  -77.94656  171.14594
 -7.6171875   34.06762  -85.50525 -242.69899  -43.26009  -77.68566  171.77418
 -7.6093750   33.72932  -86.11114 -241.35454  -43.34362  -77.42026  172.40582
 -7.6015625   33.39037  -86.71493 -240.00514  -43.42709  -77.15027  173.04086
 -7.5937500   33.05077  -87.31660 -238.65077  -43.51048  -76.87561  173.67931
 -7.5859375   32.71052  -87.91610 -237.29139  -43.59378  -76.59621  174.32120
 -7.5781250   32.36962  -88.51340 -235.92699  -43.67697  -76.31199  174.96652
 -7.5703125   32.02807  -89.10846 -234.55753  -43.76006  -76.02286  175.61529
 -7.5625000   31.68587  -89.70125 -233.18299  -43.84303  -75.72873  176.26752
 -7.5546875   31.34302  -90.29171 -231.80334  -43.92586  -75.42953  176.92322
 -7.5468750   30.99953  -90.87982 -230.41856  -44.00856  -75.12515  177.58239
 -7.5390625   30.65539  -91.46553 -229.02861  -44.09109  -74.81552  178.24505
 -7.5312500   30.31060  -92.04880 -227.63347  -44.17346  -74.50054  178.91119
 -7.5234375   29.96518  -92.62959 -226.23311  -44.25565  -74.18011  179.58084
 -7.5156250   29.61911  -93.20785 -224.82751  -44.33765  -73.85414  180.25400
 -7.5078125   29.27240  -93.78354 -223.41663  -44.41944  -73.52254  180.93066
 -7.5000000   28.92506  -94.35662 -222.00046  -44.50102  -73.18519  181.61084
 -7.4921875   28.57708  -94.92705 -220.57895  -44.58236  -72.84201  182.29455
 -7.4843750   28.22846  -95.49476 -219.15210  -44.66346  -72.49289  182.98177
 -7.4765625   27.87921  -96.05973 -217.71985  -44.74429  -72.13772  183.67253
 -7.4687500   27.52933  -96.62190 -216.28220  -44.82485  -71.77640  184.36681
 -7.4609375   27.17882  -97.18122 -214.83911  -44.90512  -71.40881  185.06463
 -7.4531250   26.82769  -97.73765 -213.39056  -44.98508  -71.03485  185.76598
 -7.4453125   26.47593  -98.29112 -211.93651  -45.06471  -70.65440  186.47086
 -7.4375000   26.12355  -98.84160 -210.47694  -45.14400  -70.26734  187.17926
 -7.4296875   25.77056  -99.38903 -209.01183  -45.22294  -69.87355  187.89119
 -7.4218750   25.41695  -99.93336 -207.54113  -45.30150  -69.47293  188.60665
 -7.4140625   25.06272 -100.47453 -206.06484  -45.37966  -69.06533  189.32562
 -7.4062500   24.70789 -101.01249 -204.58291  -45.45741  -68.65064  190.04811
 -7.3984375   24.35245 -101.54718 -203.09533  -45.53473  -68.22872  190.77410
 -7.3906250   23.99641 -102.07854 -201.60206  -45.61159  -67.79945  191.50358
 -7.3828125   23.63977 -102.60652 -200.10307  -45.68798  -67.36270  192.23655
 -7.3750000   23.28254 -103.13107 -198.59835  -45.76387  -66.91832  192.97299
 -7.3671875   22.92471 -103.65210 -197.08786  -45.83925  -66.46619  193.71290
 -7.3593750   22.56630 -104.16958 -195.57158  -45.91409  -66.00615  194.45625
 -7.3515625   22.20731 -104.68343 -194.04947  -45.98836  -65.53806  195.20303
 -7.3437500   21.84773 -105.19359 -192.52152  -46.06205  -65.06178  195.95323
 -7.3359375   21.48759 -105.70000 -190.98770  -46.13512  -64.57716  196.70682
 -7.3281250   21.12687 -106.20259 -189.44797  -46.20756  -64.08404  197.46378
 -7.3203125   20.76560 -106.70129 -187.90232  -46.27934  -63.58227  198.22408
 -7.3125000   20.40376 -107.19604 -186.35071  -46.35042  -63.07170  198.98772
 -7.3046875   20.04137 -107.68676 -184.79313  -46.42079  -62.55216  199.75465
 -7.2968750   19.67844 -108.17339 -183.22954  -46.49042  -62.02349  200.52485
 -7.2890625   19.31496 -108.65585 -181.65992  -46.55928  -61.48552  201.29830
 -7.2812500   18.95095 -109.13408 -180.08424  -46.62734  -60.93809  202.07495
 -7.2734375   18.58641 -109.60798 -178.50249  -46.69456  -60.38102  202.85478
 -7.2656250   18.22135 -110.07750 -176.91463  -46.76093  -59.81413  203.63774
 -7.2578125   17.85577 -110.54255 -175.32064  -46.82641  -59.23725  204.42381
 -7.2500000   17.48969 -111.00306 -173.72050  -46.89096  -58.65020  205.21294
 -7.2421875   17.12311 -111.45894 -172.11418  -46.95456  -58.05280  206.00508
 -7.2343750   16.75603 -111.91011 -170.50166  -47.01717  -57.44484  206.80019
 -7.2265625   16.38847 -112.35648 -168.88292  -47.07875  -56.82615  207.59822
 -7.2187500   16.02043 -112.79799 -167.25793  -47.13928  -56.19653  208.39911
 -7.2109375   15.65192 -113.23453 -165.62667  -47.19871  -55.55578  209.20282
 -7.2031250   15.28295 -113.66602 -163.98913  -47.25701  -54.90370  210.00928
 -7.1953125   14.91353 -114.09237 -162.34527  -47.31414  -54.24009  210.81844
 -7.1875000   14.54367 -114.51349 -160.69508  -47.37006  -53.56473  211.63021
 -7.1796875   14.17338 -114.92928 -159.03854  -47.42473  -52.87742  212.44454
 -7.1718750   13.80266 -115.33967 -157.37563  -47.47811  -52.17793  213.26135
 -7.1640625   13.43153 -115.74453 -155.70633  -47.53015  -51.46606  214.08056
 -7.1562500   13.06001 -116.14379 -154.03062  -47.58082  -50.74158  214.90209
 -7.1484375   12.68809 -116.53734 -152.34848  -47.63006  -50.00426  215.72586
 -7.1406250   12.31579 -116.92507 -150.65989  -47.67783  -49.25388  216.55176
 -7.1328125   11.94312 -117.30689 -148.96485  -47.72408  -48.49020  217.37971
 -7.1250000   11.57010 -117.68270 -147.26333  -47.76876  -47.71298  218.20960
 -7.1171875   11.19674 -118.05237 -145.55532  -47.81183  -46.92198  219.04132
 -7.1093750   10.82305 -118.41582 -143.84081  -47.85323  -46.11697  219.87476
 -7.1015625   10.44904 -118.77291 -142.11977  -47.89290  -45.29769  220.70980
 -7.0937500   10.07473 -119.12355 -140.39221  -47.93080  -44.46389  221.54632
 -7.0859375    9.70013 -119.46762 -138.65811  -47.96685  -43.61532  222.38418
 -7.0781250    9.32525 -119.80500 -136.91746  -48.00102  -42.75172  223.22324
 -7.0703125    8.95011 -120.13558 -135.17024  -48.03323  -41.87282  224.06336
 -7.0625000    8.57474 -120.45923 -133.41646  -48.06343  -40.97837  224.90438
 -7.0546875    8.19913 -120.77582 -131.65611  -48.09154  -40.06810  225.74614
 -7.0468750    7.82331 -121.08525 -129.88918  -48.11751  -39.14173  226.58847
 -7.0390625    7.44730 -121.38737 -128.11566  -48.14127  -38.19899  227.43119
 -7.0312500    7.07111 -121.68206 -126.33557  -48.16275  -37.23961  228.27413
 -7.0234375    6.69476 -121.96920 -124.54888  -48.18187  -36.26329  229.11707
 -7.0156250    6.31827 -122.24863 -122.75561  -48.19857  -35.26977  229.95983
 -7.0078125    5.94167 -122.52024 -120.95576  -48.21277  -34.25876  230.80217
 -7.0000000    5.56496 -122.78388 -119.14933  -48.22439  -33.22996  231.64388
 -6.9921875    5.18817 -123.03941 -117.33633  -48.23335  -32.18310  232.48473
 -6.9843750    4.81132 -123.28669 -115.51676  -48.23957  -31.11786  233.32446
 -6.9765625    4.43443 -123.52558 -113.69064  -48.24297  -30.03398  234.16281
 -6.9687500    4.05753 -123.75593 -111.85797  -48.24346  -28.93114  234.99953
 -6.9609375    3.68063 -123.97758 -110.01877  -48.24095  -27.80905  235.83432
 -6.9531250    3.30377 -124.19039 -108.17306  -48.23535  -26.66742  236.66690
 -6.9453125    2.92697 -124.39421 -106.32086  -48.22657  -25.50594  237.49695
 -6.9375000    2.55024 -124.58887 -104.46218  -48.21450  -24.32432  238.32416
 -6.9296875    2.17362 -124.77422 -102.59705  -48.19906  -23.12227  239.14819
 -6.9218750    1.79714 -124.95010 -100.72550  -48.18015  -21.89948  239.96869
 -6.9140625    1.42082 -125.11634  -98.84755  -48.15765  -20.65565  240.78531
 -6.9062500    1.04469 -125.27279  -96.96324  -48.13146  -19.39050  241.59765
 -6.8984375    0.66877 -125.41927  -95.07260  -48.10148  -18.10374  242.40534
 -6.8906250    0.29311 -125.55560  -93.17567  -48.06759  -16.79506  243.20795
 -6.8828125   -0.08227 -125.68163  -91.27249  -48.02968  -15.46418  244.00506
 -6.8750000   -0.45734 -125.79717  -89.36311  -47.98764  -14.11083  244.79623
 -6.8671875   -0.83207 -125.90205  -87.44757  -47.94134  -12.73471  245.58100
 -6.8593750   -1.20642 -125.99609  -85.52592  -47.89066  -11.33557  246.35888
 -6.8515625   -1.58035 -126.07911  -83.59823  -47.83549   -9.91312  247.12939
 -6.8437500   -1.95383 -126.15092  -81.66455  -47.77569   -8.46712  247.89201
 -6.8359375   -2.32683 -126.21135  -79.72494  -47.71114   -6.99730  248.64620
 -6.8281250   -2.69931 -126.26019  -77.77947  -47.64171   -5.50344  249.39142
 -6.8203125   -3.07122 -126.29728  -75.82822  -47.56727   -3.98533  250.12711
 -6.8125000   -3.44253 -126.32240  -73.87126  -47.48770   -2.44275  250.85269
 -6.8046875   -3.81320 -126.33538  -71.90868  -47.40286   -0.87555  251.56756
 -6.7968750   -4.18319 -126.33602  -69.94055  -47.31264    0.71645  252.27113
 -6.7890625   -4.55245 -126.32412  -67.96697  -47.21689    2.33337  252.96277
 -6.7812500   -4.92094 -126.29949  -65.98804  -47.11550    3.97533  253.64183
 -6.7734375   -5.28861 -126.26194  -64.00385  -47.00833    5.64242  254.30767
 -6.7656250   -5.65543 -126.21126  -62.01452  -46.89526    7.33470  254.95960
 -6.7578125   -6.02133 -126.14727  -60.02015  -46.77617    9.05221  255.59694
 -6.7500000   -6.38629 -126.06976  -58.02085  -46.65093   10.79495  256.21899
 -6.7421875   -6.75024 -125.97853  -56.01677  -46.51942   12.56291  256.82502
 -6.7343750   -7.11314 -125.87340  -54.00801  -46.38152   14.35602  257.41430
 -6.7265625   -7.47493 -125.75415  -51.99471  -46.23710   16.17421  257.98608
 -6.7187500   -7.83558 -125.62061  -49.97702  -46.08606   18.01736  258.53958
 -6.7109375   -8.19501 -125.47257  -47.95508  -45.92827   19.88531  259.07403
 -6.7031250   -8.55319 -125.30984  -45.92904  -45.76362   21.77788  259.58863
 -6.6953125   -8.91005 -125.13223  -43.89906  -45.59200   23.69481  260.08258
 -6.6875000   -9.26554 -124.93954  -41.86531  -45.41331   25.63586  260.55504
 -6.6796875   -9.61961 -124.73160  -39.82795  -45.22745   27.60070  261.00519
 -6.6718750   -9.97220 -124.50822  -37.78716  -45.03431   29.58898  261.43218
 -6.6640625  -10.32325 -124.26922  -35.74313  -44.83381   31.60028  261.83516
 -6.6562500  -10.67271 -124.01441  -33.69605  -44.62585   33.63416  262.21327
 -6.6484375  -11.02051 -123.74362  -31.64612  -44.41036   35.69012  262.56564
 -6.6406250  -11.36660 -123.45669  -29.59353  -44.18725   37.76761  262.89139
 -6.6328125  -11.71092 -123.15345  -27.53851  -43.95646   39.86602  263.18966
 -6.6250000  -12.05340 -122.83373  -25.48127  -43.71793   41.98470  263.45956
 -6.6171875  -12.39399 -122.49739  -23.42203  -43.47161   44.12293  263.70022
 -6.6093750  -12.73263 -122.14426  -21.36103  -43.21744   46.27995  263.91076
 -6.6015625  -13.06924 -121.77422  -19.29851  -42.95538   48.45492  264.09032
 -6.5937500  -13.40378 -121.38711  -17.23470  -42.68543   50.64696  264.23804
 -6.5859375  -13.73618 -120.98282  -15.16987  -42.40754   52.85516  264.35305
 -6.5781250  -14.06638 -120.56121  -13.10427  -42.12169   55.07856  264.43448
 -6.5703125  -14.39431 -120.12218  -11.03817  -41.82786   57.31619  264.48146
 -6.5625000  -14.71992 -119.66561   -8.97184  -41.52600   59.56709  264.49312
 -6.5546875  -15.04314 -119.19141   -6.90556  -41.21609   61.83023  264.46859
 -6.5468750  -15.36390 -118.69948   -4.83962  -40.89809   64.10459  264.40698
 -6.5390625  -15.68215 -118.18975   -2.77430  -40.57196   66.38913  264.30744
 -6.5312500  -15.99782 -117.66213   -0.70992  -40.23767   68.68277  264.16911
 -6.5234375  -16.31084 -117.11656    1.35324  -39.89519   70.98444  263.99117
 -6.5156250  -16.62116 -116.55298    3.41484  -39.54447   73.29302  263.77279
 -6.5078125  -16.92870 -115.97134    5.47458  -39.18550   75.60739  263.51318
 -6.5000000  -17.23341 -115.37160    7.53213  -38.81823   77.92641  263.21157
 -6.4921875  -17.53522 -114.75373    9.58715  -38.44265   80.24893  262.86722
 -6.4843750  -17.83405 -114.11771   11.63931  -38.05872   82.57380  262.47943
 -6.4765625  -18.12986 -113.46351   13.68827  -37.66644   84.89983  262.04752
 -6.4687500  -18.42257 -112.79115   15.73369  -37.26577   87.22585  261.57088
 -6.4609375  -18.71212 -112.10061   17.77520  -36.85672   89.55069  261.04890
 -6.4531250  -18.99843 -111.39192   19.81246  -36.43927   91.87315  260.48106
 -6.4453125  -19.28146 -110.66510   21.84510  -36.01341   94.19207  259.86686
 -6.4375000  -19.56112 -109.92019   23.87276  -35.57915   96.50629  259.20586
 -6.4296875  -19.83736 -109.15721   25.89507  -35.13649   98.81464  258.49767
 -6.4218750  -20.11011 -108.37622   27.91166  -34.68542  101.11600  257.74196
 -6.4140625  -20.37930 -107.57729   29.92216  -34.22597  103.40925  256.93846
 -6.4062500  -20.64487 -106.76048   31.92620  -33.75815  105.69330  256.08696
 -6.3984375  -20.90675 -105.92586   33.92339  -33.28199  107.96704  255.18733
 -6.3906250  -21.16488 -105.07352   35.91337  -32.79757  110.22931  254.23958
 -6.3828125  -21.41919 -104.20356   37.89576  -32.30503  112.47888  253.24387
 -6.3750000  -21.66962 -103.31608   39.87018  -31.80454  114.71447  252.20046
 -6.3671875  -21.91611 -102.41119   41.83627  -31.29632  116.93476  251.10977
 -6.3593750  -22.15861 -101.48902   43.79365  -30.78063  119.13838  249.97234
 -6.3515625  -22.39704 -100.54970   45.74197  -30.25778  121.32393  248.78882
 -6.3437500  -22.63137  -99.59338   47.68086  -29.72810  123.48997  247.56002
 -6.3359375  -22.86153  -98.62022   49.60998  -29.19200  125.63503  246.28685
 -6.3281250  -23.08748  -97.63039   51.52898  -28.64989  127.75762  244.97036
 -6.3203125  -23.30917  -96.62407   53.43753  -28.10224  129.85623  243.61170
 -6.3125000  -23.52656  -95.60145   55.33531  -27.54955  131.92932  242.21215
 -6.3046875  -23.73962  -94.56275   57.22199  -26.99236  133.97535  240.77309
 -6.2968750  -23.94831  -93.50816   59.09729  -26.43125  135.99277  239.29604
 -6.2890625  -24.15260  -92.43794   60.96090  -25.86682  137.97999  237.78258
 -6.2812500  -24.35247  -91.35231   62.81255  -25.29972  139.93546  236.23442
 -6.2734375  -24.54790  -90.25153   64.65197  -24.73058  141.85766  234.65331
 -6.2656250  -24.73888  -89.13587   66.47893  -24.16004  143.74514  233.04101
 -6.2578125  -24.92540  -88.00561   68.29316  -23.58870  145.59658  231.39925
 -6.2500000  -25.10745  -86.86102   70.09447  -23.01716  147.41072  229.72977
 -6.2421875  -25.28504  -85.70242   71.88262  -22.44598  149.18644  228.03429
 -6.2343750  -25.45817  -84.53009   73.65744  -21.87570  150.92269  226.31451
 -6.2265625  -25.62685  -83.34435   75.41873  -21.30683  152.61852  224.57210
 -6.2187500  -25.79110  -82.14553   77.16632  -20.73989  154.27310  222.80872
 -6.2109375  -25.95092  -80.93395   78.90006  -20.17532  155.88567  221.02599
 -6.2031250  -26.10635  -79.70993   80.61981  -19.61359  157.45558  219.22549
 -6.1953125  -26.25739  -78.47382   82.32542  -19.05510  158.98228  217.40876
 -6.1875000  -26.40409  -77.22594   84.01678  -18.50024  160.46533  215.57732
 -6.1796875  -26.54647  -75.96666   85.69378  -17.94939  161.90434  213.73262
 -6.1718750  -26.68456  -74.69630   87.35632  -17.40287  163.29905  211.87607
 -6.1640625  -26.81840  -73.41523   89.00432  -16.86099  164.64928  210.00903
 -6.1562500  -26.94803  -72.12378   90.63769  -16.32404  165.95494  208.13282
 -6.1484375  -27.07348  -70.82230   92.25637  -15.79227  167.21603  206.24867
 -6.1406250  -27.19480  -69.51114   93.86031  -15.26589  168.43262  204.35778
 -6.1328125  -27.31202  -68.19065   95.44945  -14.74510  169.60487  202.46128
 -6.1250000  -27.42520  -66.86118   97.02375  -14.23007  170.73305  200.56022
 -6.1171875  -27.53438  -65.52306   98.58319  -13.72093  171.81745  198.65562
 -6.1093750  -27.63961  -64.17665  100.12774  -13.21780  172.85849  196.74839
 -6.1015625  -27.74093  -62.82226  101.65738  -12.72074  173.85663  194.83940
 -6.0937500  -27.83838  -61.46025  103.17210  -12.22980  174.81241  192.92945
 -6.0859375  -27.93203  -60.09093  104.67190  -11.74503  175.72642  191.01928
 -6.0781250  -28.02192  -58.71463  106.15678  -11.26645  176.59927  189.10961
 -6.0703125  -28.10809  -57.33167  107.62674  -10.79406  177.43161  187.20115
 -6.0625000  -28.19059  -55.94236  109.08180  -10.32789  178.22410  185.29457
 -6.0546875  -28.26948  -54.54702  110.52198   -9.86794  178.97742  183.39052
 -6.0468750  -28.34479  -53.14594  111.94729   -9.41420  179.69227  181.48964
 -6.0390625  -28.41659  -51.73943  113.35776   -8.96667  180.36935  179.59251
 -6.0312500  -28.48491  -50.32777  114.75343   -8.52534  181.00939  177.69974
 -6.0234375  -28.54981  -48.91125  116.13434   -8.09019  181.61314  175.81186
 -6.0156250  -28.61134  -47.49015  117.50051   -7.66118  182.18132  173.92941
 -6.0078125  -28.66954  -46.06476  118.85200   -7.23831  182.71469  172.05289
 -6.0000000  -28.72445  -44.63533  120.18885   -6.82152  183.21400  170.18279
 -5.9921875  -28.77614  -43.20212  121.51112   -6.41079  183.68000  168.31956
 -5.9843750  -28.82464  -41.76541  122.81886   -6.00608  184.11345  166.46364
 -5.9765625  -28.87000  -40.32543  124.11214   -5.60734  184.51511  164.61544
 -5.9687500  -28.91227  -38.88244  125.39100   -5.21453  184.88572  162.77536
 -5.9609375  -28.95149  -37.43667  126.65552   -4.82759  185.22603  160.94376
 -5.9531250  -28.98771  -35.98836  127.90577   -4.44648  185.53678  159.12099
 -5.9453125  -29.02098  -34.53774  129.14181   -4.07114  185.81871  157.30740
 -5.9375000  -29.05134  -33.08502  130.36372   -3.70152  186.07254  155.50328
 -5.9296875  -29.07883  -31.63042  131.57158   -3.33757  186.29900  153.70894
 -5.9218750  -29.10350  -30.17417  132.76545   -2.97922  186.49878  151.92466
 -5.9140625  -29.12540  -28.71645  133.94543   -2.62641  186.67258  150.15071
 -5.9062500  -29.14456  -27.25747  135.11158   -2.27910  186.82109  148.38732
 -5.8984375  -29.16102  -25.79743  136.26401   -1.93722  186.94498  146.63474
 -5.8906250  -29.17484  -24.33652  137.40278   -1.60071  187.04490  144.89319
 -5.8828125  -29.18605  -22.87492  138.52799   -1.26952  187.12150  143.16289
 -5.8750000  -29.19469  -21.41281  139.63973   -0.94360  187.17540  141.44403
 -5.8671875  -29.20081  -19.95036  140.73809   -0.62288  187.20722  139.73681
 -5.8593750  -29.20444  -18.48775  141.82315   -0.30731  187.21756  138.04141
 -5.8515625  -29.20562  -17.02514  142.89501    0.00317  187.20700  136.35800
 -5.8437500  -29.20440  -15.56269  143.95377    0.30859  187.17609  134.68675
 -5.8359375  -29.20081  -14.10056  144.99953    0.60902  187.12540  133.02781
 -5.8281250  -29.19490  -12.63891  146.03237    0.90450  187.05547  131.38133
 -5.8203125  -29.18669  -11.17787  147.05239    1.19509  186.96682  129.74743
 -5.8125000  -29.17624   -9.71760  148.05970    1.48085  186.85998  128.12621
 -5.8046875  -29.16357   -8.25823  149.05440    1.76183  186.73546  126.51777
 -5.7968750  -29.14872   -6.79990  150.03658    2.03809  186.59376  124.92218
 -5.7890625  -29.13173   -5.34275  151.00634    2.30969  186.43537  123.33952
 -5.7812500  -29.11264   -3.88689  151.96379    2.57669  186.26077  121.76984
 -5.7734375  -29.09148   -2.43246  152.90903    2.83914  186.07043  120.21318
 -5.7656250  -29.06829   -0.97958  153.84216    3.09712  185.86482  118.66957
 -5.7578125  -29.04310    0.47164  154.76327    3.35067  185.64437  117.13904
 -5.7500000  -29.01595    1.92107  155.67249    3.59987  185.40954  115.62160
 -5.7421875  -28.98687    3.36862  156.56990    3.84476  185.16074  114.11724
 -5.7343750  -28.95589    4.81418  157.45560    4.08542  184.89840  112.62598
 -5.7265625  -28.92304    6.25763  158.32971    4.32190  184.62292  111.14778
 -5.7187500  -28.88837    7.69888  159.19232    4.55427  184.33471  109.68263
 -5.7109375  -28.85189    9.13782  160.04354    4.78259  184.03415  108.23051
 -5.7031250  -28.81365   10.57438  160.88346    5.00692  183.72162  106.79137
 -5.6953125  -28.77367   12.00845  161.71218    5.22731  183.39750  105.36519
 -5.6875000  -28.73198   13.43994  162.52982    5.44383  183.06213  103.95190
 -5.6796875  -28.68862   14.86876  163.33647    5.65655  182.71588  102.55146
 -5.6718750  -28.64361   16.29484  164.13222    5.86551  182.35909  101.16381
 -5.6640625  -28.59698   17.71810  164.91718    6.07078  181.99208   99.78889
 -5.6562500  -28.54876   19.13844  165.69146    6.27242  181.61519   98.42664
 -5.6484375  -28.49898   20.55581  166.45513    6.47048  181.22873   97.07698
 -5.6406250  -28.44767   21.97012  167.20832    6.66503  180.83300   95.73984
 -5.6328125  -28.39485   23.38130  167.95110    6.85611  180.42832   94.41514
 -5.6250000  -28.34055   24.78929  168.68358    7.04380  180.01496   93.10281
 -5.6171875  -28.28480   26.19401  169.40586    7.22813  179.59322   91.80275
 -5.6093750  -28.22762   27.59541  170.11803    7.40918  179.16338   90.51489
 -5.6015625  -28.16904   28.99342  170.82019    7.58698  178.72569   89.23914
 -5.5937500  -28.10908   30.38798  171.51243    7.76160  178.28043   87.97540
 -5.5859375  -28.04777   31.77903  172.19484    7.93309  177.82785   86.72358
 -5.5781250  -27.98514   33.16652  172.86751    8.10150  177.36819   85.48360
 -5.5703125  -27.92120   34.55039  173.53055    8.26689  176.90171   84.25534
 -5.5625000  -27.85597   35.93059  174.18403    8.42930  176.42863   83.03873
 -5.5546875  -27.78950   37.30707  174.82806    8.58878  175.94919   81.83365
 -5.5468750  -27.72178   38.67978  175.46271    8.74539  175.46360   80.64000
 -5.5390625  -27.65286   40.04868  176.08809    8.89917  174.97209   79.45770
 -5.5312500  -27.58274   41.41371  176.70427    9.05017  174.47487   78.28662
 -5.5234375  -27.51145   42.77483  177.31135    9.19844  173.97214   77.12669
 -5.5156250  -27.43902   44.13201  177.90940    9.34403  173.46410   75.97778
 -5.5078125  -27.36546   45.48520  178.49853    9.48698  172.95095   74.83979
 -5.5000000  -27.29079   46.83436  179.07880    9.62733  172.43287   73.71263
 -5.4921875  -27.21504   48.17945  179.65031    9.76513  171.91006   72.59618
 -5.4843750  -27.13822   49.52044  180.21315    9.90043  171.38270   71.49035
 -5.4765625  -27.06035   50.85729  180.76738   10.03326  170.85095   70.39502
 -5.4687500  -26.98146   52.18997  181.31310   10.16368  170.31499   69.31009
 -5.4609375  -26.90155   53.51845  181.85038   10.29171  169.77499   68.23546
 -5.4531250  -26.82065   54.84270  182.37930   10.41741  169.23110   67.17102
 -5.4453125  -26.73879   56.16268  182.89995   10.54081  168.68350   66.11667
 -5.4375000  -26.65596   57.47837  183.41240   10.66195  168.13232   65.07230
 -5.4296875  -26.57220   58.78974  183.91673   10.78088  167.57772   64.03780
 -5.4218750  -26.48751   60.09676  184.41302   10.89762  167.01985   63.01308
 -5.4140625  -26.40193   61.39941  184.90133   11.01222  166.45885   61.99802
 -5.4062500  -26.31545   62.69767  185.38176   11.12471  165.89485   60.99252
 -5.3984375  -26.22811   63.99151  185.85437   11.23513  165.32800   59.99649
 -5.3906250  -26.13991   65.28092  186.31923   11.34352  164.75843   59.00981
 -5.3828125  -26.05087   66.56586  186.77642   11.44990  164.18626   58.03238
 -5.3750000  -25.96101   67.84632  187.22601   11.55432  163.61162   57.06411
 -5.3671875  -25.87034   69.12228  187.66807   11.65681  163.03463   56.10488
 -5.3593750  -25.77888   70.39373  188.10267   11.75740  162.45542   55.15459
 -5.3515625  -25.68664   71.66064  188.52988   11.85612  161.87410   54.21316
 -5.3437500  -25.59363   72.92301  188.94977   11.95301  161.29079   53.28046
 -5.3359375  -25.49988   74.18081  189.36241   12.04810  160.70559   52.35641
 -5.3281250  -25.40538   75.43403  189.76787   12.14141  160.11862   51.44091
 -5.3203125  -25.31017   76.68266  190.16620   12.23298  159.52998   50.53385
 -5.3125000  -25.21425   77.92668  190.55748   12.32284  158.93977   49.63515
 -5.3046875  -25.11763   79.16609  190.94177   12.41101  158.34810   48.74469
 -5.2968750  -25.02033   80.40086  191.31914   12.49754  157.75505   47.86240
 -5.2890625  -24.92236   81.63101  191.68964   12.58243  157.16073   46.98817
 -5.2812500  -24.82373   82.85650  192.05335   12.66573  156.56523   46.12191
 -5.2734375  -24.72446   84.07733  192.41032   12.74745  155.96864   45.26354
 -5.2656250  -24.62456   85.29351  192.76061   12.82763  155.37104   44.41295
 -5.2578125  -24.52404   86.50500  193.10429   12.90629  154.77252   43.57006
 -5.2500000  -24.42290   87.71182  193.44141   12.98346  154.17316   42.73478
 -5.2421875  -24.32117   88.91396  193.77204   13.05916  153.57304   41.90702
 -5.2343750  -24.21886   90.11140  194.09623   13.13341  152.97224   41.08670
 -5.2265625  -24.11597   91.30415  194.41404   13.20625  152.37083   40.27373
 -5.2187500  -24.01251   92.49219  194.72552   13.27769  151.76890   39.46802
 -5.2109375  -23.90851   93.67554  195.03074   13.34776  151.16650   38.66949
 -5.2031250  -23.80396   94.85417  195.32975   13.41648  150.56372   37.87805
 -5.1953125  -23.69888   96.02809  195.62261   13.48387  149.96061   37.09363
 -5.1875000  -23.59328   97.19730  195.90936   13.54996  149.35725   36.31615
 -5.1796875  -23.48716   98.36180  196.19007   13.61476  148.75370   35.54551
 -5.1718750  -23.38055   99.52158  196.46478   13.67831  148.15002   34.78166
 -5.1640625  -23.27344  100.67664  196.73355   13.74061  147.54628   34.02450
 -5.1562500  -23.16585  101.82699  196.99643   13.80169  146.94252   33.27395
 -5.1484375  -23.05779  102.97262  197.25347   13.86158  146.33882   32.52996
 -5.1406250  -22.94927  104.11353  197.50472   13.92028  145.73522   31.79242
 -5.1328125  -22.84029  105.24973  197.75024   13.97782  145.13178   31.06128
 -5.1250000  -22.73087  106.38122  197.99007   14.03422  144.52855   30.33646
 -5.1171875  -22.62101  107.50799  198.22427   14.08950  143.92559   29.61789
 -5.1093750  -22.51072  108.63006  198.45287   14.14368  143.32294   28.90549
 -5.1015625  -22.40002  109.74741  198.67593   14.19677  142.72065   28.19920
 -5.0937500  -22.28890  110.86007  198.89350   14.24879  142.11878   27.49894
 -5.0859375  -22.17738  111.96802  199.10562   14.29976  141.51736   26.80464
 -5.0781250  -22.06547  113.07128  199.31233   14.34969  140.91644   26.11624
 -5.0703125  -21.95317  114.16984  199.51370   14.39861  140.31606   25.43367
 -5.0625000  -21.84050  115.26372  199.70975   14.44653  139.71627   24.75686
 -5.0546875  -21.72745  116.35291  199.90054   14.49346  139.11711   24.08575
 -5.0468750  -21.61404  117.43743  200.08610   14.53943  138.51861   23.42027
 -5.0390625  -21.50027  118.51727  200.26649   14.58444  137.92081   22.76036
 -5.0312500  -21.38616  119.59244  200.44175   14.62852  137.32376   22.10595
 -5.0234375  -21.27170  120.66295  200.61191   14.67168  136.72749   21.45698
 -5.0156250  -21.15692  121.72881  200.77703   14.71393  136.13203   20.81339
 -5.0078125  -21.04180  122.79002  200.93714   14.75528  135.53742   20.17512
 -5.0000000  -20.92637  123.84658  201.09228   14.79576  134.94368   19.54210
 -4.9921875  -20.81062  124.89851  201.24250   14.83538  134.35086   18.91429
 -4.9843750  -20.69457  125.94582  201.38783   14.87415  133.75899   18.29161
 -4.9765625  -20.57821  126.98850  201.52832   14.91208  133.16809   17.67402
 -4.9687500  -20.46157  128.02657  201.66400   14.94918  132.57819   17.06145
 -4.9609375  -20.34463  129.06004  201.79491   14.98548  131.98932   16.45384
 -4.9531250  -20.22742  130.08891  201.92110   15.02098  131.40151   15.85115
 -4.9453125  -20.10993  131.11319  202.04260   15.05570  130.81479   15.25332
 -4.9375000  -19.99218  132.13289  202.15945   15.08964  130.22917   14.66028
 -4.9296875  -19.87416  133.14802  202.27168   15.12283  129.64469   14.07199
 -4.9218750  -19.75589  134.15859  202.37933   15.15527  129.06138   13.48840
 -4.9140625  -19.63736  135.16461  202.48245   15.18698  128.47924   12.90945
 -4.9062500  -19.51859  136.16608  202.58106   15.21796  127.89831   12.33508
 -4.8984375  -19.39958  137.16302  202.67520   15.24823  127.31860   11.76526
 -4.8906250  -19.28034  138.15544  202.76490   15.27779  126.74014   11.19992
 -4.8828125  -19.16087  139.14334  202.85021   15.30667  126.16295   10.63901
 -4.8750000  -19.04117  140.12674  202.93115   15.33487  125.58704   10.08250
 -4.8671875  -18.92126  141.10564  203.00776   15.36241  125.01244    9.53032
 -4.8593750  -18.80114  142.08006  203.08007   15.38928  124.43916    8.98244
 -4.8515625  -18.68081  143.05001  203.14812   15.41551  123.86722    8.43879
 -4.8437500  -18.56027  144.01549  203.21194   15.44110  123.29663    7.89934
 -4.8359375  -18.43954  144.97652  203.27156   15.46606  122.72742    7.36404
 -4.8281250  -18.31862  145.93311  203.32701   15.49041  122.15959    6.83284
 -4.8203125  -18.19751  146.88527  203.37833   15.51415  121.59316    6.30570
 -4.8125000  -18.07621  147.83301  203.42555   15.53729  121.02815    5.78257
 -4.8046875  -17.95474  148.77634  203.46869   15.55985  120.46457    5.26340
 -4.7968750  -17.83309  149.71527  203.50780   15.58182  119.90242    4.74816
 -4.7890625  -17.71127  150.64982  203.54289   15.60323  119.34173    4.23680
 -4.7812500  -17.58929  151.57999  203.57401   15.62407  118.78250    3.72928
 -4.7734375  -17.46715  152.50580  203.60117   15.64436  118.22475    3.22554
 -4.7656250  -17.34485  153.42725  203.62442   15.66411  117.66848    2.72556
 -4.7578125  -17.22240  154.34437  203.64377   15.68332  117.11370    2.22929
 -4.7500000  -17.09980  155.25716  203.65926   15.70201  116.56043    1.73669
 -4.7421875  -16.97705  156.16563  203.67091   15.72017  116.00867    1.24772
 -4.7343750  -16.85417  157.06980  203.67876   15.73783  115.45843    0.76234
 -4.7265625  -16.73115  157.96967  203.68284   15.75498  114.90971    0.28050
 -4.7187500  -16.60800  158.86527  203.68316   15.77164  114.36253   -0.19782
 -4.7109375  -16.48472  159.75659  203.67975   15.78781  113.81689   -0.67268
 -4.7031250  -16.36132  160.64366  203.67265   15.80350  113.27279   -1.14410
 -4.6953125  -16.23779  161.52648  203.66189   15.81872  112.73024   -1.61213
 -4.6875000  -16.11415  162.40507  203.64747   15.83348  112.18925   -2.07680
 -4.6796875  -15.99040  163.27945  203.62944   15.84777  111.64982   -2.53816
 -4.6718750  -15.86653  164.14961  203.60782   15.86162  111.11195   -2.99623
 -4.6640625  -15.74256  165.01557  203.58264   15.87503  110.57565   -3.45105
 -4.6562500  -15.61849  165.87736  203.55391   15.88799  110.04092   -3.90267
 -4.6484375  -15.49431  166.73497  203.52167   15.90053  109.50776   -4.35111
 -4.6406250  -15.37004  167.58842  203.48593   15.91264  108.97618   -4.79641
 -4.6328125  -15.24568  168.43772  203.44673   15.92434  108.44617   -5.23860
 -4.6250000  -15.12122  169.28289  203.40409   15.93563  107.91774   -5.67773
 -4.6171875  -14.99668  170.12394  203.35802   15.94651  107.39088   -6.11382
 -4.6093750  -14.87206  170.96088  203.30857   15.95700  106.86560   -6.54691
 -4.6015625  -14.74736  171.79372  203.25574   15.96710  106.34190   -6.97704
 -4.5937500  -14.62258  172.62248  203.19956   15.97681  105.81977   -7.40422
 -4.5859375  -14.49772  173.44716  203.14005   15.98614  105.29921   -7.82851
 -4.5781250  -14.37279  174.26778  203.07724   15.99510  104.78023   -8.24992
 -4.5703125  -14.24780  175.08436  203.01115   16.00369  104.26282   -8.66850
 -4.5625000  -14.12274  175.89689  202.94181   16.01192  103.74698   -9.08427
 -4.5546875  -13.99761  176.70541  202.86922   16.01979  103.23271   -9.49727
 -4.5468750  -13.87243  177.50991  202.79342   16.02731  102.71999   -9.90753
 -4.5390625  -13.74719  178.31041  202.71442   16.03449  102.20884  -10.31507
 -4.5312500  -13.62189  179.10692  202.63225   16.04133  101.69924  -10.71993
 -4.5234375  -13.49654  179.89946  202.54693   16.04783  101.19118  -11.12214
 -4.5156250  -13.37114  180.68804  202.45848   16.05400  100.68468  -11.52173
 -4.5078125  -13.24570  181.47267  202.36691   16.05985  100.17971  -11.91873
 -4.5000000  -13.12021  182.25335  202.27225   16.06538   99.67627  -12.31317
 -4.4921875  -12.99468  183.03011  202.17452   16.07060   99.17437  -12.70507
 -4.4843750  -12.86911  183.80296  202.07374   16.07550   98.67398  -13.09448
 -4.4765625  -12.74350  184.57190  201.96993   16.08011   98.17511  -13.48140
 -4.4687500  -12.61786  185.33695  201.86310   16.08441   97.67774  -13.86588
 -4.4609375  -12.49218  186.09812  201.75328   16.08842   97.18188  -14.24795
 -4.4531250  -12.36648  186.85542  201.64048   16.09213   96.68750  -14.62762
 -4.4453125  -12.24074  187.60886  201.52473   16.09556   96.19461  -15.00493
 -4.4375000  -12.11498  188.35846  201.40604   16.09871   95.70319  -15.37991
 -4.4296875  -11.98920  189.10423  201.28442   16.10158   95.21324  -15.75258
 -4.4218750  -11.86340  189.84617  201.15991   16.10418   94.72474  -16.12297
 -4.4140625  -11.73757  190.58431  201.03251   16.10651   94.23769  -16.49110
 -4.4062500  -11.61173  191.31864  200.90224   16.10858   93.75208  -16.85701
 -4.3984375  -11.48588  192.04919  200.76912   16.11039   93.26789  -17.22071
 -4.3906250  -11.36001  192.77595  200.63317   16.11194   92.78512  -17.58225
 -4.3828125  -11.23413  193.49896  200.49441   16.11324   92.30374  -17.94163
 -4.3750000  -11.10824  194.21820  200.35284   16.11429   91.82376  -18.29889
 -4.3671875  -10.98234  194.93371  200.20849   16.11509   91.34516  -18.65405
 -4.3593750  -10.85644  195.64548  200.06138   16.11566   90.86793  -19.00714
 -4.3515625  -10.73054  196.35352  199.91151   16.11599   90.39205  -19.35818
 -4.3437500  -10.60463  197.05786  199.75891   16.11608   89.91752  -19.70721
 -4.3359375  -10.47872  197.75849  199.60359   16.11595   89.44431  -20.05423
 -4.3281250  -10.35282  198.45543  199.44557   16.11559   88.97241  -20.39928
 -4.3203125  -10.22692  199.14868  199.28486   16.11501   88.50182  -20.74238
 -4.3125000  -10.10102  199.83827  199.12147   16.11421   88.03252  -21.08355
 -4.3046875   -9.97513  200.52419  198.95543   16.11319   87.56448  -21.42283
 -4.2968750   -9.84925  201.20647  198.78675   16.11197   87.09771  -21.76023
 -4.2890625   -9.72339  201.88510  198.61543   16.11053   86.63217  -22.09577
 -4.2812500   -9.59753  202.56010  198.44151   16.10889   86.16786  -22.42949
 -4.2734375   -9.47168  203.23148  198.26498   16.10705   85.70476  -22.76140
 -4.2656250   -9.34586  203.89924  198.08586   16.10501   85.24286  -23.09152
 -4.2578125   -9.22004  204.56340  197.90418   16.10277   84.78213  -23.41989
 -4.2500000   -9.09425  205.22396  197.71993   16.10034   84.32257  -23.74651
 -4.2421875   -8.96848  205.88094  197.53314   16.09773   83.86415  -24.07142
 -4.2343750   -8.84272  206.53434  197.34382   16.09492   83.40686  -24.39464
 -4.2265625   -8.71699  207.18418  197.15198   16.09193   82.95068  -24.71618
 -4.2187500   -8.59129  207.83045  196.95763   16.08877   82.49561  -25.03607
 -4.2109375   -8.46561  208.47317  196.76080   16.08542   82.04162  -25.35434
 -4.2031250   -8.33995  209.11235  196.56148   16.08190   81.58869  -25.67099
 -4.1953125   -8.21433  209.74800  196.35969   16.07820   81.13682  -25.98606
 -4.1875000   -8.08873  210.38012  196.15545   16.07434   80.68598  -26.29955
 -4.1796875   -7.96317  211.00872  195.94876   16.07031   80.23617  -26.61150
 -4.1718750   -7.83763  211.63381  195.73965   16.06612   79.78736  -26.92192
 -4.1640625   -7.71213  212.25540  195.52811   16.06176   79.33955  -27.23083
 -4.1562500   -7.58667  212.87349  195.31417   16.05724   78.89271  -27.53825
 -4.1484375   -7.46124  213.48810  195.09783   16.05257   78.44683  -27.84420
 -4.1406250   -7.33585  214.09923  194.87911   16.04774   78.00190  -28.14870
 -4.1328125   -7.21050  214.70688  194.65801   16.04276   77.55790  -28.45176
 -4.1250000   -7.08518  215.31107  194.43455   16.03763   77.11482  -28.75341
 -4.1171875   -6.95991  215.91181  194.20874   16.03235   76.67264  -29.05366
 -4.1093750   -6.83468  216.50909  193.98059   16.02692   76.23135  -29.35254
 -4.1015625   -6.70949  217.10292  193.75011   16.02136   75.79093  -29.65005
 -4.0937500   -6.58434  217.69332  193.51731   16.01565   75.35137  -29.94621
 -4.0859375   -6.45924  218.28029  193.28221   16.00980   74.91266  -30.24105
 -4.0781250   -6.33419  218.86383  193.04480   16.00381   74.47477  -30.53458
 -4.0703125   -6.20918  219.44396  192.80511   15.99769   74.03770  -30.82681
 -4.0625000   -6.08423  220.02067  192.56314   15.99143   73.60144  -31.11777
 -4.0546875   -5.95932  220.59398  192.31890   15.98505   73.16596  -31.40746
 -4.0468750   -5.83446  221.16390  192.07240   15.97853   72.73126  -31.69591
 -4.0390625   -5.70965  221.73041  191.82365   15.97188   72.29732  -31.98313
 -4.0312500   -5.58490  222.29354  191.57266   15.96511   71.86413  -32.26913
 -4.0234375   -5.46020  222.85329  191.31945   15.95822   71.43167  -32.55393
 -4.0156250   -5.33555  223.40966  191.06401   15.95120   70.99993  -32.83755
 -4.0078125   -5.21096  223.96267  190.80637   15.94406   70.56889  -33.12000
 -4.0000000   -5.08643  224.51231  190.54652   15.93680   70.13856  -33.40129
 -3.9921875   -4.96195  225.05858  190.28447   15.92942   69.70890  -33.68145
 -3.9843750   -4.83753  225.60151  190.02025   15.92193   69.27991  -33.96047
 -3.9765625   -4.71317  226.14108  189.75384   15.91432   68.85157  -34.23839
 -3.9687500   -4.58887  226.67732  189.48527   15.90660   68.42387  -34.51520
 -3.9609375   -4.46463  227.21021  189.21455   15.89876   67.99681  -34.79093
 -3.9531250   -4.34045  227.73977  188.94167   15.89082   67.57036  -35.06559
 -3.9453125   -4.21634  228.26600  188.66665   15.88277   67.14451  -35.33919
 -3.9375000   -4.09228  228.78890  188.38950   15.87460   66.71925  -35.61174
 -3.9296875   -3.96830  229.30849  188.11022   15.86633   66.29457  -35.88325
 -3.9218750   -3.84437  229.82476  187.82882   15.85796   65.87046  -36.15375
 -3.9140625   -3.72052  230.33771  187.54532   15.84948   65.44690  -36.42324
 -3.9062500   -3.59673  230.84737  187.25971   15.84090   65.02388  -36.69173
 -3.8984375   -3.47300  231.35371  186.97201   15.83221   64.60139  -36.95924
 -3.8906250   -3.34935  231.85676  186.68223   15.82343   64.17942  -37.22577
 -3.8828125   -3.22576  232.35652  186.39036   15.81454   63.75795  -37.49134
 -3.8750000   -3.10225  232.85298  186.09643   15.80555   63.33698  -37.75596
 -3.8671875   -2.97880  233.34616  185.80043   15.79647   62.91649  -38.01964
 -3.8593750   -2.85543  233.83605  185.50237   15.78729   62.49647  -38.28239
 -3.8515625   -2.73212  234.32267  185.20227   15.77801   62.07691  -38.54423
 -3.8437500   -2.60889  234.80601  184.90012   15.76864   61.65780  -38.80515
 -3.8359375   -2.48574  235.28607  184.59594   15.75918   61.23912  -39.06518
 -3.8281250   -2.36266  235.76287  184.28973   15.74962   60.82087  -39.32433
 -3.8203125   -2.23965  236.23640  183.98150   15.73996   60.40303  -39.58259
 -3.8125000   -2.11672  236.70667  183.67125   15.73022   59.98559  -39.83999
 -3.8046875   -1.99387  237.17368  183.35900   15.72038   59.56855  -40.09653
 -3.7968750   -1.87109  237.63743  183.04475   15.71045   59.15188  -40.35222
 -3.7890625   -1.74839  238.09793  182.72850   15.70043   58.73559  -40.60708
 -3.7812500   -1.62577  238.55517  182.41027   15.69033   58.31966  -40.86110
 -3.7734375   -1.50323  239.00917  182.09005   15.68013   57.90407  -41.11430
 -3.7656250   -1.38077  239.45992  181.76786   15.66985   57.48883  -41.36669
 -3.7578125   -1.25839  239.90743  181.44370   15.65947   57.07391  -41.61828
 -3.7500000   -1.13609  240.35170  181.11757   15.64901   56.65931  -41.86907
 -3.7421875   -1.01387  240.79274  180.78949   15.63847   56.24502  -42.11907
 -3.7343750   -0.89174  241.23053  180.45946   15.62783   55.83103  -42.36829
 -3.7265625   -0.76969  241.66510  180.12749   15.61711   55.41732  -42.61675
 -3.7187500   -0.64772  242.09643  179.79358   15.60631   55.00390  -42.86443
 -3.7109375   -0.52584  242.52453  179.45774   15.59541   54.59074  -43.11136
 -3.7031250   -0.40404  242.94941  179.11997   15.58444   54.17784  -43.35754
 -3.6953125   -0.28233  243.37106  178.78028   15.57338   53.76519  -43.60298
 -3.6875000   -0.16071  243.78949  178.43867   15.56223   53.35278  -43.84768
 -3.6796875   -0.03917  244.20470  178.09516   15.55100   52.94059  -44.09165
 -3.6718750    0.08227  244.61669  177.74974   15.53968   52.52863  -44.33490
 -3.6640625    0.20363  245.02546  177.40243   15.52828   52.11689  -44.57744
 -3.6562500    0.32490  245.43102  177.05322   15.51680   51.70534  -44.81926
 -3.6484375    0.44608  245.83336  176.70213   15.50523   51.29399  -45.06038
 -3.6406250    0.56717  246.23249  176.34915   15.49358   50.88282  -45.30080
 -3.6328125    0.68817  246.62840  175.99431   15.48185   50.47183  -45.54054
 -3.6250000    0.80908  247.02111  175.63759   15.47003   50.06101  -45.77958
 -3.6171875    0.92989  247.41061  175.27900   15.45812   49.65034  -46.01794
 -3.6093750    1.05061  247.79690  174.91856   15.44614   49.23983  -46.25563
 -3.6015625    1.17123  248.17998  174.55626   15.43406   48.82945  -46.49264
 -3.5937500    1.29177  248.55986  174.19211   15.42191   48.41921  -46.72899
 -3.5859375    1.41220  248.93653  173.82612   15.40967   48.00910  -46.96468
 -3.5781250    1.53254  249.31000  173.45829   15.39734   47.59910  -47.19971
 -3.5703125    1.65278  249.68027  173.08863   15.38493   47.18921  -47.43409
 -3.5625000    1.77293  250.04733  172.71713   15.37244   46.77943  -47.66782
 -3.5546875    1.89298  250.41119  172.34382   15.35986   46.36973  -47.90091
 -3.5468750    2.01293  250.77186  171.96868   15.34719   45.96013  -48.13335
 -3.5390625    2.13278  251.12932  171.59174   15.33444   45.55060  -48.36516
 -3.5312500    2.25253  251.48359  171.21298   15.32160   45.14114  -48.59634
 -3.5234375    2.37218  251.83465  170.83242   15.30868   44.73174  -48.82688
 -3.5156250    2.49173  252.18252  170.45006   15.29567   44.32240  -49.05681
 -3.5078125    2.61117  252.52719  170.06591   15.28257   43.91311  -49.28610
 -3.5000000    2.73052  252.86866  169.67997   15.26938   43.50386  -49.51478
 -3.4921875    2.84976  253.20694  169.29224   15.25610   43.09464  -49.74284
 -3.4843750    2.96889  253.54202  168.90274   15.24274   42.68545  -49.97029
 -3.4765625    3.08792  253.87390  168.51146   15.22929   42.27628  -50.19712
 -3.4687500    3.20685  254.20258  168.11841   15.21574   41.86713  -50.42335
 -3.4609375    3.32567  254.52807  167.72359   15.20211   41.45798  -50.64896
 -3.4531250    3.44438  254.85036  167.32702   15.18838   41.04883  -50.87397
 -3.4453125    3.56299  255.16946  166.92869   15.17456   40.63967  -51.09838
 -3.4375000    3.68149  255.48536  166.52861   15.16065   40.23050  -51.32218
 -3.4296875    3.79987  255.79806  166.12678   15.14665   39.82132  -51.54539
 -3.4218750    3.91815  256.10757  165.72321   15.13255   39.41210  -51.76800
 -3.4140625    4.03632  256.41388  165.31791   15.11835   39.00286  -51.99000
 -3.4062500    4.15438  256.71699  164.91087   15.10406   38.59358  -52.21141
 -3.3984375    4.27232  257.01690  164.50211   15.08968   38.18425  -52.43223
 -3.3906250    4.39015  257.31362  164.09162   15.07520   37.77488  -52.65245
 -3.3828125    4.50787  257.60713  163.67941   15.06061   37.36545  -52.87208
 -3.3750000    4.62547  257.89745  163.26550   15.04593   36.95596  -53.09111
 -3.3671875    4.74296  258.18457  162.84987   15.03115   36.54640  -53.30955
 -3.3593750    4.86033  258.46849  162.43254   15.01627   36.13678  -53.52740
 -3.3515625    4.97759  258.74921  162.01350   15.00129   35.72707  -53.74465
 -3.3437500    5.09473  259.02672  161.59278   14.98620   35.31728  -53.96131
 -3.3359375    5.21175  259.30104  161.17036   14.97101   34.90741  -54.17738
 -3.3281250    5.32865  259.57215  160.74626   14.95572   34.49744  -54.39285
 -3.3203125    5.44543  259.84006  160.32047   14.94031   34.08737  -54.60773
 -3.3125000    5.56209  260.10477  159.89301   14.92481   33.67720  -54.82202
 -3.3046875    5.67863  260.36627  159.46388   14.90919   33.26693  -55.03570
 -3.2968750    5.79505  260.62456  159.03308   14.89346   32.85654  -55.24879
 -3.2890625    5.91134  260.87965  158.60062   14.87762   32.44603  -55.46129
 -3.2812500    6.02751  261.13153  158.16650   14.86167   32.03540  -55.67318
 -3.2734375    6.14356  261.38020  157.73073   14.84561   31.62465  -55.88447
 -3.2656250    6.25947  261.62567  157.29331   14.82943   31.21376  -56.09517
 -3.2578125    6.37527  261.86792  156.85424   14.81314   30.80274  -56.30525
 -3.2500000    6.49093  262.10696  156.41354   14.79672   30.39158  -56.51473
 -3.2421875    6.60646  262.34279  155.97120   14.78019   29.98028  -56.72361
 -3.2343750    6.72187  262.57540  155.52723   14.76355   29.56883  -56.93187
 -3.2265625    6.83714  262.80480  155.08164   14.74677   29.15723  -57.13952
 -3.2187500    6.95229  263.03098  154.63443   14.72988   28.74547  -57.34656
 -3.2109375    7.06730  263.25395  154.18560   14.71286   28.33356  -57.55298
 -3.2031250    7.18218  263.47369  153.73517   14.69572   27.92148  -57.75878
 -3.1953125    7.29692  263.69022  153.28312   14.67845   27.50924  -57.96395
 -3.1875000    7.41153  263.90352  152.82948   14.66105   27.09682  -58.16850
 -3.1796875    7.52600  264.11361  152.37424   14.64352   26.68423  -58.37242
 -3.1718750    7.64033  264.32046  151.91741   14.62585   26.27147  -58.57571
 -3.1640625    7.75453  264.52410  151.45900   14.60806   25.85852  -58.77837
 -3.1562500    7.86858  264.72450  150.99900   14.59013   25.44539  -58.98039
 -3.1484375    7.98250  264.92168  150.53743   14.57206   25.03207  -59.18177
 -3.1406250    8.09627  265.11563  150.07429   14.55386   24.61856  -59.38252
 -3.1328125    8.20990  265.30635  149.60958   14.53551   24.20485  -59.58261
 -3.1250000    8.32339  265.49383  149.14331   14.51703   23.79093  -59.78207
 -3.1171875    8.43673  265.67808  148.67549   14.49841   23.37682  -59.98087
 -3.1093750    8.54992  265.85909  148.20611   14.47964   22.96249  -60.17902
 -3.1015625    8.66297  266.03687  147.73519   14.46072   22.54795  -60.37652
 -3.0937500    8.77587  266.21140  147.26273   14.44166   22.13319  -60.57337
 -3.0859375    8.88862  266.38270  146.78874   14.42246   21.71821  -60.76955
 -3.0781250    9.00122  266.55075  146.31321   14.40310   21.30300  -60.96508
 -3.0703125    9.11367  266.71556  145.83616   14.38359   20.88757  -61.15995
 -3.0625000    9.22597  266.87712  145.35759   14.36393   20.47189  -61.35415
 -3.0546875    9.33811  267.03543  144.87750   14.34412   20.05598  -61.54769
 -3.0468750    9.45009  267.19049  144.39591   14.32415   19.63982  -61.74056
 -3.0390625    9.56192  267.34230  143.91281   14.30403   19.22342  -61.93277
 -3.0312500    9.67359  267.49086  143.42821   14.28375   18.80676  -62.12430
 -3.0234375    9.78510  267.63615  142.94212   14.26331   18.38984  -62.31516
 -3.0156250    9.89646  267.77820  142.45454   14.24271   17.97266  -62.50534
 -3.0078125   10.00765  267.91698  141.96547   14.22195   17.55521  -62.69485
 -3.0000000   10.11867  268.05250  141.47493   14.20102   17.13749  -62.88368
 -2.9921875   10.22954  268.18475  140.98292   14.17993   16.71949  -63.07183
 -2.9843750   10.34023  268.31374  140.48944   14.15868   16.30121  -63.25930
 -2.9765625   10.45077  268.43945  139.99449   14.13726   15.88264  -63.44609
 -2.9687500   10.56113  268.56190  139.49809   14.11567   15.46378  -63.63220
 -2.9609375   10.67132  268.68108  139.00024   14.09391   15.04462  -63.81762
 -2.9531250   10.78135  268.79697  138.50094   14.07198   14.62516  -64.00235
 -2.9453125   10.89120  268.90959  138.00021   14.04988   14.20539  -64.18640
 -2.9375000   11.00087  269.01893  137.49803   14.02760   13.78531  -64.36975
 -2.9296875   11.11038  269.12499  136.99443   14.00515   13.36491  -64.55242
 -2.9218750   11.21970  269.22776  136.48940   13.98252   12.94419  -64.73440
 -2.9140625   11.32885  269.32724  135.98296   13.95971   12.52314  -64.91568
 -2.9062500   11.43782  269.42343  135.47510   13.93673   12.10175  -65.09627
 -2.8984375   11.54661  269.51633  134.96583   13.91357   11.68002  -65.27617
 -2.8906250   11.65522  269.60593  134.45516   13.89022   11.25795  -65.45537
 -2.8828125   11.76365  269.69223  133.94309   13.86669   10.83553  -65.63387
 -2.8750000   11.87189  269.77523  133.42963   13.84298   10.41275  -65.81168
 -2.8671875   11.97995  269.85493  132.91479   13.81908    9.98960  -65.98879
 -2.8593750   12.08781  269.93132  132.39856   13.79500    9.56609  -66.16520
 -2.8515625   12.19549  270.00440  131.88096   13.77072    9.14220  -66.34091
 -2.8437500   12.30298  270.07417  131.36198   13.74626    8.71794  -66.51592
 -2.8359375   12.41028  270.14062  130.84165   13.72161    8.29328  -66.69024
 -2.8281250   12.51738  270.20375  130.31995   13.69677    7.86824  -66.86385
 -2.8203125   12.62429  270.26356  129.79690   13.67173    7.44279  -67.03675
 -2.8125000   12.73100  270.32004  129.27250   13.64650    7.01694  -67.20896
 -2.8046875   12.83751  270.37320  128.74676   13.62107    6.59068  -67.38047
 -2.7968750   12.94383  270.42302  128.21969   13.59545    6.16400  -67.55127
 -2.7890625   13.04994  270.46951  127.69128   13.56963    5.73690  -67.72136
 -2.7812500   13.15585  270.51266  127.16154   13.54361    5.30937  -67.89076
 -2.7734375   13.26156  270.55247  126.63049   13.51739    4.88140  -68.05945
 -2.7656250   13.36706  270.58893  126.09811   13.49097    4.45299  -68.22744
 -2.7578125   13.47236  270.62204  125.56443   13.46434    4.02413  -68.39472
 -2.7500000   13.57744  270.65180  125.02945   13.43751    3.59481  -68.56130
 -2.7421875   13.68232  270.67821  124.49317   13.41048    3.16503  -68.72717
 -2.7343750   13.78698  270.70126  123.95559   13.38324    2.73477  -68.89234
 -2.7265625   13.89143  270.72094  123.41672   13.35579    2.30404  -69.05681
 -2.7187500   13.99566  270.73726  122.87658   13.32814    1.87283  -69.22057
 -2.7109375   14.09968  270.75020  122.33515   13.30027    1.44112  -69.38363
 -2.7031250   14.20348  270.75977  121.79246   13.27219    1.00892  -69.54598
 -2.6953125   14.30706  270.76596  121.24850   13.24390    0.57621  -69.70764
 -2.6875000   14.41042  270.76877  120.70328   13.21539    0.14299  -69.86858
 -2.6796875   14.51355  270.76820  120.15681   13.18667   -0.29076  -70.02883
 -2.6718750   14.61646  270.76423  119.60908   13.15774   -0.72503  -70.18837
 -2.6640625   14.71914  270.75687  119.06011   13.12859   -1.15984  -70.34721
 -2.6562500   14.82159  270.74611  118.50991   13.09921   -1.59519  -70.50535
 -2.6484375   14.92381  270.73194  117.95847   13.06962   -2.03109  -70.66279
 -2.6406250   15.02580  270.71437  117.40580   13.03981   -2.46755  -70.81952
 -2.6328125   15.12756  270.69338  116.85192   13.00977   -2.90457  -70.97556
 -2.6250000   15.22908  270.66898  116.29681   12.97952   -3.34217  -71.13089
 -2.6171875   15.33036  270.64116  115.74050   12.94903   -3.78036  -71.28553
 -2.6093750   15.43141  270.60991  115.18298   12.91832   -4.21913  -71.43947
 -2.6015625   15.53221  270.57524  114.62426   12.88739   -4.65850  -71.59271
 -2.5937500   15.63277  270.53712  114.06434   12.85623   -5.09848  -71.74526
 -2.5859375   15.73309  270.49557  113.50324   12.82483   -5.53907  -71.89711
 -2.5781250   15.83316  270.45057  112.94095   12.79321   -5.98029  -72.04826
 -2.5703125   15.93298  270.40213  112.37749   12.76135   -6.42214  -72.19872
 -2.5625000   16.03256  270.35023  111.81285   12.72926   -6.86463  -72.34849
 -2.5546875   16.13188  270.29487  111.24704   12.69694   -7.30777  -72.49756
 -2.5468750   16.23094  270.23604  110.68008   12.66438   -7.75157  -72.64595
 -2.5390625   16.32976  270.17375  110.11195   12.63159   -8.19604  -72.79364
 -2.5312500   16.42831  270.10798  109.54268   12.59855   -8.64118  -72.94065
 -2.5234375   16.52661  270.03872  108.97226   12.56528   -9.08701  -73.08696
 -2.5156250   16.62464  269.96599  108.40070   12.53177   -9.53353  -73.23259
 -2.5078125   16.72242  269.88976  107.82800   12.49801   -9.98076  -73.37754
 -2.5000000   16.81993  269.81004  107.25417   12.46402  -10.42870  -73.52180
 -2.4921875   16.91717  269.72681  106.67922   12.42977  -10.87736  -73.66538
 -2.4843750   17.01414  269.64008  106.10315   12.39529  -11.32676  -73.80827
 -2.4765625   17.11084  269.54983  105.52597   12.36055  -11.77690  -73.95049
 -2.4687500   17.20727  269.45606  104.94768   12.32557  -12.22779  -74.09202
 -2.4609375   17.30343  269.35877  104.36829   12.29034  -12.67944  -74.23288
 -2.4531250   17.39931  269.25794  103.78779   12.25486  -13.13187  -74.37306
 -2.4453125   17.49491  269.15358  103.20621   12.21913  -13.58507  -74.51257
 -2.4375000   17.59023  269.04567  102.62354   12.18315  -14.03907  -74.65140
 -2.4296875   17.68527  268.93422  102.03978   12.14691  -14.49387  -74.78957
 -2.4218750   17.78003  268.81920  101.45495   12.11041  -14.94949  -74.92706
 -2.4140625   17.87450  268.70063  100.86905   12.07366  -15.40593  -75.06388
 -2.4062500   17.96868  268.57849  100.28208   12.03665  -15.86320  -75.20004
 -2.3984375   18.06257  268.45276   99.69405   11.99939  -16.32132  -75.33553
 -2.3906250   18.15617  268.32346   99.10496   11.96186  -16.78030  -75.47036
 -2.3828125   18.24947  268.19057   98.51483   11.92407  -17.24014  -75.60452
 -2.3750000   18.34248  268.05408   97.92364   11.88601  -17.70086  -75.73803
 -2.3671875   18.43519  267.91399   97.33142   11.84769  -18.16247  -75.87087
 -2.3593750   18.52760  267.77029   96.73816   11.80911  -18.62498  -76.00306
 -2.3515625   18.61971  267.62297   96.14388   11.77025  -19.08841  -76.13460
 -2.3437500   18.71151  267.47203   95.54856   11.73113  -19.55275  -76.26548
 -2.3359375   18.80300  267.31746   94.95223   11.69174  -20.01804  -76.39571
 -2.3281250   18.89419  267.15925   94.35488   11.65208  -20.48427  -76.52528
 -2.3203125   18.98507  266.99739   93.75652   11.61214  -20.95147  -76.65422
 -2.3125000   19.07563  266.83188   93.15716   11.57194  -21.41963  -76.78250
 -2.3046875   19.16588  266.66271   92.55680   11.53145  -21.88878  -76.91014
 -2.2968750   19.25581  266.48986   91.95544   11.49069  -22.35893  -77.03714
 -2.2890625   19.34542  266.31335   91.35309   11.44965  -22.83009  -77.16350
 -2.2812500   19.43471  266.13314   90.74976   11.40832  -23.30227  -77.28922
 -2.2734375   19.52367  265.94925   90.14545   11.36672  -23.77549  -77.41431
 -2.2656250   19.61231  265.76165   89.54017   11.32484  -24.24975  -77.53876
 -2.2578125   19.70062  265.57034   88.93391   11.28266  -24.72508  -77.66257
 -2.2500000   19.78860  265.37532   88.32669   11.24021  -25.20149  -77.78576
 -2.2421875   19.87625  265.17656   87.71851   11.19746  -25.67898  -77.90832
 -2.2343750   19.96356  264.97408   87.10937   11.15443  -26.15757  -78.03025
 -2.2265625   20.05054  264.76785   86.49929   11.11111  -26.63728  -78.15155
 -2.2187500   20.13717  264.55787   85.88826   11.06749  -27.11812  -78.27224
 -2.2109375   20.22347  264.34413   85.27629   11.02358  -27.60011  -78.39230
 -2.2031250   20.30942  264.12661   84.66338   10.97937  -28.08325  -78.51174
 -2.1953125   20.39502  263.90532   84.04954   10.93487  -28.56757  -78.63057
 -2.1875000   20.48027  263.68024   83.43478   10.89006  -29.05308  -78.74878
 -2.1796875   20.56518  263.45136   82.81909   10.84496  -29.53978  -78.86638
 -2.1718750   20.64972  263.21868   82.20249   10.79955  -30.02771  -78.98337
 -2.1640625   20.73392  262.98218   81.58498   10.75384  -30.51687  -79.09975
 -2.1562500   20.81775  262.74185   80.96656   10.70783  -31.00728  -79.21552
 -2.1484375   20.90123  262.49769   80.34724   10.66150  -31.49895  -79.33069
 -2.1406250   20.98434  262.24968   79.72702   10.61487  -31.99190  -79.44525
 -2.1328125   21.06708  261.99781   79.10591   10.56793  -32.48615  -79.55921
 -2.1250000   21.14946  261.74208   78.48391   10.52067  -32.98170  -79.67257
 -2.1171875   21.23147  261.48247   77.86103   10.47309  -33.47859  -79.78534
 -2.1093750   21.31310  261.21897   77.23727   10.42520  -33.97682  -79.89750
 -2.1015625   21.39436  260.95157   76.61263   10.37699  -34.47641  -80.00908
 -2.0937500   21.47524  260.68027   75.98713   10.32846  -34.97738  -80.12005
 -2.0859375   21.55574  260.40505   75.36076   10.27961  -35.47974  -80.23044
 -2.0781250   21.63586  260.12590   74.73353   10.23043  -35.98351  -80.34023
 -2.0703125   21.71559  259.84280   74.10544   10.18092  -36.48871  -80.44942
 -2.0625000   21.79494  259.55576   73.47651   10.13109  -36.99536  -80.55802
 -2.0546875   21.87389  259.26475   72.84672   10.08092  -37.50347  -80.66603
 -2.0468750   21.95245  258.96976   72.21610   10.03041  -38.01305  -80.77345
 -2.0390625   22.03061  258.67079   71.58464    9.97957  -38.52414  -80.88027
 -2.0312500   22.10838  258.36782   70.95235    9.92839  -39.03674  -80.98649
 -2.0234375   22.18574  258.06084   70.31923    9.87686  -39.55088  -81.09212
 -2.0156250   22.26270  257.74983   69.68529    9.82499  -40.06657  -81.19714
 -2.0078125   22.33926  257.43479   69.05052    9.77278  -40.58383  -81.30157
 -2.0000000   22.41540  257.11571   68.41495    9.72021  -41.10268  -81.40539
 -1.9921875   22.49114  256.79256   67.77857    9.66729  -41.62314  -81.50861
 -1.9843750   22.56645  256.46534   67.14138    9.61401  -42.14522  -81.61123
 -1.9765625   22.64135  256.13404   66.50339    9.56037  -42.66896  -81.71323
 -1.9687500   22.71583  255.79863   65.86461    9.50637  -43.19436  -81.81462
 -1.9609375   22.78989  255.45912   65.22504    9.45201  -43.72144  -81.91539
 -1.9531250   22.86352  255.11548   64.58469    9.39728  -44.25023  -82.01555
 -1.9453125   22.93672  254.76770   63.94355    9.34217  -44.78075  -82.11508
 -1.9375000   23.00949  254.41578   63.30164    9.28669  -45.31301  -82.21398
 -1.9296875   23.08182  254.05968   62.65896    9.23083  -45.84704  -82.31225
 -1.9218750   23.15372  253.69941   62.01551    9.17459  -46.38285  -82.40989
 -1.9140625   23.22518  253.33495   61.37130    9.11797  -46.92048  -82.50688
 -1.9062500   23.29619  252.96628   60.72634    9.06095  -47.45993  -82.60322
 -1.8984375   23.36675  252.59338   60.08063    9.00354  -48.00124  -82.69892
 -1.8906250   23.43687  252.21625   59.43417    8.94574  -48.54441  -82.79395
 -1.8828125   23.50653  251.83487   58.78698    8.88754  -49.08949  -82.88832
 -1.8750000   23.57573  251.44922   58.13905    8.82893  -49.63647  -82.98202
 -1.8671875   23.64448  251.05930   57.49039    8.76991  -50.18540  -83.07504
 -1.8593750   23.71276  250.66507   56.84100    8.71048  -50.73629  -83.16738
 -1.8515625   23.78058  250.26654   56.19090    8.65063  -51.28917  -83.25902
 -1.8437500   23.84793  249.86367   55.54008    8.59036  -51.84405  -83.34996
 -1.8359375   23.91480  249.45647   54.88856    8.52967  -52.40097  -83.44020
 -1.8281250   23.98120  249.04490   54.23633    8.46854  -52.95994  -83.52972
 -1.8203125   24.04712  248.62896   53.58341    8.40699  -53.52099  -83.61851
 -1.8125000   24.11256  248.20863   52.92979    8.34499  -54.08415  -83.70657
 -1.8046875   24.17751  247.78389   52.27549    8.28255  -54.64943  -83.79389
 -1.7968750   24.24197  247.35473   51.62051    8.21966  -55.21687  -83.88045
 -1.7890625   24.30594  246.92112   50.96486    8.15632  -55.78649  -83.96625
 -1.7812500   24.36942  246.48306   50.30854    8.09251  -56.35831  -84.05127
 -1.7734375   24.43239  246.04052   49.65156    8.02825  -56.93236  -84.13551
 -1.7656250   24.49486  245.59348   48.99393    7.96351  -57.50868  -84.21895
 -1.7578125   24.55682  245.14194   48.33564    7.89830  -58.08727  -84.30158
 -1.7500000   24.61827  244.68586   47.67672    7.83261  -58.66818  -84.38340
 -1.7421875   24.67920  244.22524   47.01716    7.76644  -59.25142  -84.46438
 -1.7343750   24.73962  243.76006   46.35696    7.69977  -59.83703  -84.54451
 -1.7265625   24.79951  243.29028   45.69615    7.63261  -60.42504  -84.62379
 -1.7187500   24.85887  242.81591   45.03472    7.56494  -61.01546  -84.70219
 -1.7109375   24.91771  242.33691   44.37268    7.49677  -61.60834  -84.77970
 -1.7031250   24.97601  241.85327   43.71004    7.42807  -62.20370  -84.85632
 -1.6953125   25.03377  241.36497   43.04680    7.35886  -62.80157  -84.93202
 -1.6875000   25.09099  240.87199   42.38298    7.28912  -63.40198  -85.00678
 -1.6796875   25.14766  240.37431   41.71857    7.21884  -64.00496  -85.08060
 -1.6718750   25.20378  239.87191   41.05360    7.14803  -64.61054  -85.15346
 -1.6640625   25.25935  239.36476   40.38805    7.07666  -65.21876  -85.22533
 -1.6562500   25.31435  238.85286   39.72195    7.00474  -65.82964  -85.29621
 -1.6484375   25.36880  238.33617   39.05530    6.93226  -66.44321  -85.36607
 -1.6406250   25.42267  237.81467   38.38811    6.85920  -67.05952  -85.43489
 -1.6328125   25.47597  237.28835   37.72039    6.78557  -67.67858  -85.50266
 -1.6250000   25.52869  236.75719   37.05214    6.71136  -68.30044  -85.56936
 -1.6171875   25.58083  236.22115   36.38337    6.63655  -68.92514  -85.63497
 -1.6093750   25.63239  235.68022   35.71409    6.56114  -69.55269  -85.69946
 -1.6015625   25.68335  235.13438   35.04432    6.48513  -70.18314  -85.76282
 -1.5937500   25.73372  234.58361   34.37405    6.40850  -70.81653  -85.82503
 -1.5859375   25.78348  234.02787   33.70330    6.33124  -71.45289  -85.88606
 -1.5781250   25.83264  233.46715   33.03208    6.25335  -72.09226  -85.94588
 -1.5703125   25.88119  232.90142   32.36040    6.17482  -72.73466  -86.00449
 -1.5625000   25.92912  232.33066   31.68827    6.09563  -73.38015  -86.06184
 -1.5546875   25.97643  231.75485   31.01569    6.01579  -74.02876  -86.11793
 -1.5468750   26.02311  231.17395   30.34268    5.93527  -74.68053  -86.17271
 -1.5390625   26.06917  230.58795   29.66924    5.85408  -75.33549  -86.22618
 -1.5312500   26.11458  229.99683   28.99540    5.77220  -75.99370  -86.27829
 -1.5234375   26.15936  229.40054   28.32115    5.68962  -76.65517  -86.32903
 -1.5156250   26.20348  228.79908   27.64651    5.60633  -77.31997  -86.37836
 -1.5078125   26.24695  228.19241   26.97149    5.52232  -77.98813  -86.42626
 -1.5000000   26.28977  227.58051   26.29610    5.43758  -78.65969  -86.47270
 -1.4921875   26.33191  226.96334   25.62036    5.35211  -79.33469  -86.51765
 -1.4843750   26.37339  226.34089   24.94427    5.26588  -80.01318  -86.56107
 -1.4765625   26.41419  225.71313   24.26785    5.17889  -80.69521  -86.60294
 -1.4687500   26.45431  225.08002   23.59110    5.09112  -81.38081  -86.64322
 -1.4609375   26.49374  224.44154   22.91405    5.00258  -82.07004  -86.68188
 -1.4531250   26.53247  223.79767   22.23670    4.91323  -82.76294  -86.71888
 -1.4453125   26.57050  223.14836   21.55907    4.82307  -83.45955  -86.75420
 -1.4375000   26.60783  222.49360   20.88117    4.73210  -84.15993  -86.78779
 -1.4296875   26.64444  221.83335   20.20302    4.64029  -84.86412  -86.81962
 -1.4218750   26.68033  221.16759   19.52462    4.54763  -85.57218  -86.84965
 -1.4140625   26.71550  220.49628   18.84600    4.45411  -86.28415  -86.87785
 -1.4062500   26.74992  219.81939   18.16716    4.35972  -87.00008  -86.90417
 -1.3984375   26.78361  219.13689   17.48812    4.26444  -87.72002  -86.92857
 -1.3906250   26.81655  218.44875   16.80891    4.16826  -88.44404  -86.95101
 -1.3828125   26.84874  217.75494   16.12952    4.07116  -89.17217  -86.97145
 -1.3750000   26.88016  217.05543   15.44998    3.97313  -89.90449  -86.98984
 -1.3671875   26.91082  216.35017   14.77031    3.87416  -90.64103  -87.00615
 -1.3593750   26.94070  215.63915   14.09052    3.77422  -91.38186  -87.02032
 -1.3515625   26.96979  214.92232   13.41062    3.67331  -92.12703  -87.03231
 -1.3437500   26.99809  214.19965   12.73064    3.57141  -92.87660  -87.04207
 -1.3359375   27.02559  213.47111   12.05060    3.46850  -93.63064  -87.04955
 -1.3281250   27.05228  212.73666   11.37050    3.36456  -94.38919  -87.05471
 -1.3203125   27.07816  211.99627   10.69037    3.25958  -95.15233  -87.05748
 -1.3125000   27.10321  211.24990   10.01023    3.15354  -95.92011  -87.05781
 -1.3046875   27.12743  210.49751    9.33010    3.04642  -96.69260  -87.05566
 -1.2968750   27.15081  209.73906    8.64999    2.93821  -97.46986  -87.05097
 -1.2890625   27.17333  208.97453    7.96994    2.82888  -98.25195  -87.04367
 -1.2812500   27.19500  208.20386    7.28994    2.71842  -99.03895  -87.03371
 -1.2734375   27.21581  207.42703    6.61004    2.60681  -99.83092  -87.02104
 -1.2656250   27.23573  206.64399    5.93025    2.49402 -100.62793  -87.00558
 -1.2578125   27.25477  205.85471    5.25059    2.38004 -101.43004  -86.98728
 -1.2500000   27.27292  205.05913    4.57108    2.26485 -102.23734  -86.96606
 -1.2421875   27.29016  204.25723    3.89175    2.14842 -103.04989  -86.94187
 -1.2343750   27.30648  203.44897    3.21262    2.03074 -103.86777  -86.91464
 -1.2265625   27.32189  202.63429    2.53372    1.91177 -104.69105  -86.88429
 -1.2187500   27.33635  201.81315    1.85506    1.79150 -105.51980  -86.85076
 -1.2109375   27.34987  200.98552    1.17668    1.66991 -106.35412  -86.81396
 -1.2031250   27.36244  200.15136    0.49860    1.54697 -107.19406  -86.77383
 -1.1953125   27.37404  199.31060   -0.17915    1.42265 -108.03973  -86.73029
 -1.1875000   27.38467  198.46322   -0.85655    1.29693 -108.89119  -86.68325
 -1.1796875   27.39430  197.60916   -1.53357    1.16979 -109.74854  -86.63264
 -1.1718750   27.40294  196.74838   -2.21018    1.04120 -110.61186  -86.57837
 -1.1640625   27.41057  195.88084   -2.88634    0.91113 -111.48123  -86.52035
 -1.1562500   27.41717  195.00647   -3.56205    0.77956 -112.35674  -86.45850
 -1.1484375   27.42274  194.12525   -4.23725    0.64645 -113.23848  -86.39273
 -1.1406250   27.42727  193.23711   -4.91192    0.51178 -114.12656  -86.32294
 -1.1328125   27.43074  192.34200   -5.58603    0.37551 -115.02105  -86.24903
 -1.1250000   27.43313  191.43988   -6.25955    0.23763 -115.92205  -86.17090
 -1.1171875   27.43445  190.53070   -6.93244    0.09809 -116.82967  -86.08847
 -1.1093750   27.43466  189.61440   -7.60467   -0.04314 -117.74400  -86.00161
 -1.1015625   27.43377  188.69093   -8.27621   -0.18608 -118.66513  -85.91023
 -1.0937500   27.43175  187.76024   -8.94701   -0.33078 -119.59319  -85.81421
 -1.0859375   27.42859  186.82227   -9.61704   -0.47726 -120.52826  -85.71343
 -1.0781250   27.42429  185.87697  -10.28627   -0.62556 -121.47046  -85.60780
 -1.0703125   27.41881  184.92428  -10.95465   -0.77572 -122.41989  -85.49717
 -1.0625000   27.41216  183.96414  -11.62215   -0.92777 -123.37667  -85.38143
 -1.0546875   27.40431  182.99650  -12.28872   -1.08176 -124.34091  -85.26046
 -1.0468750   27.39525  182.02129  -12.95433   -1.23772 -125.31273  -85.13412
 -1.0390625   27.38497  181.03847  -13.61893   -1.39569 -126.29222  -85.00229
 -1.0312500   27.37344  180.04796  -14.28247   -1.55571 -127.27952  -84.86483
 -1.0234375   27.36066  179.04970  -14.94493   -1.71782 -128.27474  -84.72160
 -1.0156250   27.34659  178.04364  -15.60623   -1.88206 -129.27800  -84.57247
 -1.0078125   27.33124  177.02971  -16.26635   -2.04849 -130.28940  -84.41731
 -1.0000000   27.31458  176.00785  -16.92524   -2.21713 -131.30908  -84.25595
 -0.9921875   27.29659  174.97799  -17.58284   -2.38804 -132.33716  -84.08827
 -0.9843750   27.27726  173.94006  -18.23910   -2.56127 -133.37375  -83.91410
 -0.9765625   27.25657  172.89400  -18.89398   -2.73685 -134.41899  -83.73330
 -0.9687500   27.23449  171.83974  -19.54742   -2.91485 -135.47299  -83.54571
 -0.9609375   27.21102  170.77721  -20.19936   -3.09530 -136.53588  -83.35117
 -0.9531250   27.18612  169.70634  -20.84976   -3.27826 -137.60779  -83.14951
 -0.9453125   27.15979  168.62707  -21.49855   -3.46378 -138.68885  -82.94057
 -0.9375000   27.13199  167.53931  -22.14569   -3.65192 -139.77919  -82.72416
 -0.9296875   27.10272  166.44299  -22.79110   -3.84272 -140.87894  -82.50012
 -0.9218750   27.07194  165.33805  -23.43473   -4.03625 -141.98825  -82.26826
 -0.9140625   27.03965  164.22440  -24.07652   -4.23257 -143.10723  -82.02839
 -0.9062500   27.00580  163.10197  -24.71640   -4.43173 -144.23604  -81.78032
 -0.8984375   26.97039  161.97069  -25.35431   -4.63379 -145.37481  -81.52384
 -0.8906250   26.93339  160.83046  -25.99019   -4.83882 -146.52369  -81.25875
 -0.8828125   26.89478  159.68123  -26.62396   -5.04689 -147.68281  -80.98483
 -0.8750000   26.85453  158.52289  -27.25555   -5.25805 -148.85233  -80.70188
 -0.8671875   26.81261  157.35538  -27.88490   -5.47238 -150.03239  -80.40965
 -0.8593750   26.76901  156.17861  -28.51193   -5.68994 -151.22314  -80.10791
 -0.8515625   26.72370  154.99249  -29.13656   -5.91082 -152.42475  -79.79643
 -0.8437500   26.67665  153.79694  -29.75872   -6.13509 -153.63735  -79.47494
 -0.8359375   26.62783  152.59188  -30.37833   -6.36281 -154.86111  -79.14319
 -0.8281250   26.57722  151.37721  -30.99531   -6.59408 -156.09619  -78.80091
 -0.8203125   26.52479  150.15285  -31.60957   -6.82897 -157.34276  -78.44782
 -0.8125000   26.47051  148.91870  -32.22103   -7.06757 -158.60096  -78.08363
 -0.8046875   26.41435  147.67468  -32.82960   -7.30996 -159.87098  -77.70803
 -0.7968750   26.35628  146.42068  -33.43518   -7.55624 -161.15298  -77.32072
 -0.7890625   26.29627  145.15663  -34.03770   -7.80650 -162.44714  -76.92136
 -0.7812500   26.23429  143.88241  -34.63705   -8.06084 -163.75362  -76.50963
 -0.7734375   26.17031  142.59795  -35.23313   -8.31934 -165.07261  -76.08516
 -0.7656250   26.10429  141.30312  -35.82585   -8.58213 -166.40429  -75.64760
 -0.7578125   26.03620  139.99784  -36.41509   -8.84929 -167.74883  -75.19656
 -0.7500000   25.96601  138.68201  -37.00076   -9.12095 -169.10643  -74.73165
 -0.7421875   25.89367  137.35552  -37.58273   -9.39721 -170.47726  -74.25245
 -0.7343750   25.81916  136.01827  -38.16091   -9.67819 -171.86152  -73.75853
 -0.7265625   25.74244  134.67015  -38.73517   -9.96402 -173.25941  -73.24944
 -0.7187500   25.66346  133.31106  -39.30539  -10.25481 -174.67110  -72.72472
 -0.7109375   25.58219  131.94088  -39.87145  -10.55070 -176.09680  -72.18387
 -0.7031250   25.49859  130.55951  -40.43322  -10.85182 -177.53671  -71.62638
 -0.6953125   25.41262  129.16683  -40.99057  -11.15831 -178.99103  -71.05173
 -0.6875000   25.32423  127.76273  -41.54336  -11.47032 -180.45995  -70.45935
 -0.6796875   25.23338  126.34710  -42.09145  -11.78800 -181.94368  -69.84866
 -0.6718750   25.14003  124.91982  -42.63470  -12.11149 -183.44241  -69.21905
 -0.6640625   25.04413  123.48078  -43.17295  -12.44096 -184.95637  -68.56988
 -0.6562500   24.94562  122.02984  -43.70605  -12.77658 -186.48574  -67.90049
 -0.6484375   24.84447  120.56690  -44.23384  -13.11851 -188.03073  -67.21017
 -0.6406250   24.74063  119.09182  -44.75615  -13.46694 -189.59154  -66.49820
 -0.6328125   24.63404  117.60449  -45.27281  -13.82205 -191.16838  -65.76381
 -0.6250000   24.52464  116.10477  -45.78365  -14.18404 -192.76144  -65.00619
 -0.6171875   24.41239  114.59255  -46.28847  -14.55310 -194.37093  -64.22451
 -0.6093750   24.29723  113.06768  -46.78709  -14.92944 -195.99702  -63.41787
 -0.6015625   24.17910  111.53005  -47.27931  -15.31327 -197.63992  -62.58535
 -0.5937500   24.05794  109.97951  -47.76492  -15.70482 -199.29979  -61.72599
 -0.5859375   23.93369  108.41595  -48.24371  -16.10432 -200.97683  -60.83875
 -0.5781250   23.80629  106.83921  -48.71545  -16.51200 -202.67119  -59.92257
 -0.5703125   23.67567  105.24916  -49.17992  -16.92812 -204.38303  -58.97632
 -0.5625000   23.54177  103.64568  -49.63687  -17.35294 -206.11250  -57.99882
 -0.5546875   23.40451  102.02861  -50.08606  -17.78671 -207.85973  -56.98882
 -0.5468750   23.26382  100.39782  -50.52723  -18.22970 -209.62485  -55.94503
 -0.5390625   23.11964   98.75317  -50.96011  -18.68220 -211.40796  -54.86608
 -0.5312500   22.97189   97.09452  -51.38442  -19.14449 -213.20916  -53.75052
 -0.5234375   22.82048   95.42173  -51.79987  -19.61684 -215.02853  -52.59685
 -0.5156250   22.66535   93.73466  -52.20614  -20.09955 -216.86611  -51.40348
 -0.5078125   22.50640   92.03315  -52.60294  -20.59292 -218.72194  -50.16874
 -0.5000000   22.34356   90.31708  -52.98992  -21.09725 -220.59601  -48.89088
 -0.4921875   22.17673   88.58629  -53.36674  -21.61286 -222.48827  -47.56804
 -0.4843750   22.00582   86.84065  -53.73305  -22.14006 -224.39865  -46.19829
 -0.4765625   21.83076   85.08002  -54.08846  -22.67918 -226.32703  -44.77958
 -0.4687500   21.65143   83.30425  -54.43259  -23.23056 -228.27321  -43.30977
 -0.4609375   21.46775   81.51320  -54.76504  -23.79453 -230.23698  -41.78658
 -0.4531250   21.27961   79.70675  -55.08536  -24.37144 -232.21802  -40.20764
 -0.4453125   21.08691   77.88475  -55.39313  -24.96166 -234.21595  -38.57044
 -0.4375000   20.88955   76.04708  -55.68787  -25.56554 -236.23030  -36.87234
 -0.4296875   20.68741   74.19361  -55.96910  -26.18345 -238.26050  -35.11057
 -0.4218750   20.48039   72.32422  -56.23630  -26.81578 -240.30588  -33.28220
 -0.4140625   20.26838   70.43879  -56.48895  -27.46289 -242.36564  -31.38417
 -0.4062500   20.05124   68.53722  -56.72649  -28.12519 -244.43883  -29.41325
 -0.3984375   19.82888   66.61941  -56.94833  -28.80305 -246.52436  -27.36606
 -0.3906250   19.60116   64.68525  -57.15387  -29.49688 -248.62095  -25.23904
 -0.3828125   19.36795   62.73468  -57.34247  -30.20706 -250.72714  -23.02846
 -0.3750000   19.12913   60.76762  -57.51347  -30.93398 -252.84123  -20.73040
 -0.3671875   18.88456   58.78402  -57.66615  -31.67803 -254.96129  -18.34080
 -0.3593750   18.63411   56.78384  -57.79979  -32.43958 -257.08511  -15.85536
 -0.3515625   18.37764   54.76706  -57.91363  -33.21899 -259.21017  -13.26964
 -0.3437500   18.11502   52.73368  -58.00686  -34.01662 -261.33362  -10.57899
 -0.3359375   17.84609   50.68374  -58.07864  -34.83277 -263.45222   -7.77860
 -0.3281250   17.57071   48.61727  -58.12810  -35.66775 -265.56232   -4.86348
 -0.3203125   17.28873   46.53436  -58.15432  -36.52181 -267.65980   -1.82847
 -0.3125000   17.00000   44.43513  -58.15634  -37.39514 -269.74004    1.33173
 -0.3046875   16.70438   42.31973  -58.13317  -38.28793 -271.79789    4.62254
 -0.2968750   16.40170   40.18836  -58.08376  -39.20030 -273.82769    8.04949
 -0.2890625   16.09182   38.04126  -58.00703  -40.13237 -275.82316   11.61818
 -0.2812500   15.77458   35.87873  -57.90184  -41.08416 -277.77741   15.33422
 -0.2734375   15.44983   33.70111  -57.76703  -42.05564 -279.68282   19.20320
 -0.2656250   15.11741   31.50883  -57.60138  -43.04667 -281.53098   23.23059
 -0.2578125   14.77718   29.30237  -57.40363  -44.05700 -283.31265   27.42171
 -0.2500000   14.42897   27.08227  -57.17248  -45.08620 -285.01768   31.78157
 -0.2421875   14.07266   24.84919  -56.90659  -46.13370 -286.63497   36.31481
 -0.2343750   13.70809   22.60386  -56.60459  -47.19869 -288.15237   41.02555
 -0.2265625   13.33514   20.34711  -56.26509  -48.28013 -289.55670   45.91720
 -0.2187500   12.95367   18.07987  -55.88666  -49.37670 -290.83366   50.99234
 -0.2109375   12.56359   15.80320  -55.46786  -50.48674 -291.96789   56.25249
 -0.2031250   12.16479   13.51828  -55.00723  -51.60826 -292.94294   61.69786
 -0.1953125   11.75719   11.22643  -54.50335  -52.73886 -293.74135   67.32719
 -0.1875000   11.34073    8.92908  -53.95477  -53.87570 -294.34474   73.13740
 -0.1796875   10.91537    6.62785  -53.36012  -55.01552 -294.73396   79.12339
 -0.1718750   10.48111    4.32447  -52.71803  -56.15454 -294.88928   85.27771
 -0.1640625   10.03797    2.02087  -52.02724  -57.28851 -294.79069   91.59034
 -0.1562500    9.58600   -0.28092  -51.28655  -58.41266 -294.41817   98.04842
 -0.1484375    9.12531   -2.57865  -50.49490  -59.52176 -293.75218  104.63605
 -0.1406250    8.65603   -4.86998  -49.65133  -60.61013 -292.77406  111.33413
 -0.1328125    8.17835   -7.15239  -48.75507  -61.67170 -291.46661  118.12028
 -0.1250000    7.69250   -9.42325  -47.80554  -62.70010 -289.81461  124.96888
 -0.1171875    7.19876  -11.67981  -46.80234  -63.68871 -287.80535  131.85122
 -0.1093750    6.69748  -13.91925  -45.74535  -64.63069 -285.42899  138.73580
 -0.1015625    6.18905  -16.13867  -44.63468  -65.51922 -282.67923  145.58873
 -0.0937500    5.67390  -18.33514  -43.47071  -66.34757 -279.55373  152.37431
 -0.0859375    5.15254  -20.50572  -42.25410  -67.10937 -276.05460  159.05564
 -0.0781250    4.62551  -22.64753  -40.98583  -67.79872 -272.18864  165.59545
 -0.0703125    4.09339  -24.75774  -39.66714  -68.41041 -267.96745  171.95696
 -0.0625000    3.55681  -26.83364  -38.29956  -68.94005 -263.40735  178.10469
 -0.0546875    3.01642  -28.87266  -36.88490  -69.38419 -258.52909  184.00542
 -0.0468750    2.47291  -30.87239  -35.42520  -69.74041 -253.35742  189.62890
 -0.0390625    1.92696  -32.83067  -33.92274  -70.00739 -247.92047  194.94858
 -0.0312500    1.37928  -34.74554  -32.37998  -70.18485 -242.24899  199.94213
 -0.0234375    0.83055  -36.61529  -30.79954  -70.27357 -236.37555  204.59182
 -0.0156250    0.28148  -38.43847  -29.18416  -70.27527 -230.33368  208.88466
 -0.0078125   -0.26728  -40.21390  -27.53666  -70.19250 -224.15703  212.81243
  0.0000000   -0.81507  -41.94066  -25.85992  -70.02855 -217.87864  216.37151
