# time[~Gyr] x y z[kpc] vx vy vz[km/s]
-5 24.1372 376.446 147.834 8.81341 15.8294 -36.0519
-4.99219 24.206 376.569 147.552 8.80043 15.6285 -36.1302
-4.98438 24.2747 376.69 147.269 8.7874 15.4276 -36.2083
-4.97656 24.3433 376.81 146.986 8.77434 15.2266 -36.2862
-4.96875 24.4118 376.928 146.702 8.76125 15.0256 -36.3641
-4.96094 24.4802 377.044 146.418 8.74818 14.8246 -36.442
-4.95312 24.5485 377.159 146.133 8.73511 14.6236 -36.52
-4.94531 24.6166 377.273 145.847 8.72202 14.4225 -36.5979
-4.9375 24.6847 377.385 145.561 8.70885 14.2214 -36.6755
-4.92969 24.7527 377.495 145.274 8.69562 14.0201 -36.7528
-4.92188 24.8206 377.604 144.987 8.68235 13.8188 -36.8299
-4.91406 24.8884 377.711 144.699 8.66904 13.6174 -36.9069
-4.90625 24.9561 377.817 144.41 8.65569 13.4159 -36.9838
-4.89844 25.0236 377.921 144.121 8.6423 13.2144 -37.0605
-4.89062 25.0911 378.023 143.831 8.62888 13.0128 -37.1371
-4.88281 25.1585 378.124 143.54 8.61542 12.8111 -37.2135
-4.875 25.2257 378.223 143.249 8.60192 12.6094 -37.2898
-4.86719 25.2929 378.321 142.958 8.58839 12.4076 -37.3659
-4.85938 25.3599 378.417 142.666 8.57482 12.2057 -37.4419
-4.85156 25.4268 378.512 142.373 8.56122 12.0038 -37.5178
-4.84375 25.4937 378.605 142.079 8.54757 11.8017 -37.5936
-4.83594 25.5604 378.696 141.785 8.53389 11.5997 -37.6691
-4.82812 25.627 378.786 141.491 8.52017 11.3975 -37.7446
-4.82031 25.6935 378.874 141.196 8.50642 11.1953 -37.8199
-4.8125 25.7599 378.961 140.9 8.49263 10.993 -37.8951
-4.80469 25.8262 379.046 140.603 8.4788 10.7906 -37.9701
-4.79688 25.8924 379.129 140.306 8.46493 10.5882 -38.045
-4.78906 25.9585 379.211 140.009 8.45102 10.3856 -38.1198
-4.78125 26.0245 379.292 139.711 8.43708 10.183 -38.1944
-4.77344 26.0903 379.37 139.412 8.42309 9.98025 -38.2689
-4.76562 26.1561 379.448 139.113 8.40907 9.77744 -38.3433
-4.75781 26.2217 379.523 138.813 8.39501 9.57454 -38.4175
-4.75 26.2872 379.597 138.513 8.38091 9.37155 -38.4916
-4.74219 26.3527 379.67 138.212 8.36678 9.16847 -38.5656
-4.73438 26.418 379.741 137.91 8.3526 8.96529 -38.6394
-4.72656 26.4832 379.81 137.608 8.33839 8.76202 -38.7131
-4.71875 26.5483 379.877 137.305 8.32413 8.55866 -38.7867
-4.71094 26.6132 379.944 137.002 8.30984 8.3552 -38.8601
-4.70312 26.6781 380.008 136.698 8.29551 8.15164 -38.9334
-4.69531 26.7428 380.071 136.394 8.28114 7.94798 -39.0066
-4.6875 26.8075 380.132 136.089 8.26673 7.74422 -39.0796
-4.67969 26.872 380.192 135.783 8.25228 7.54036 -39.1525
-4.67188 26.9364 380.25 135.477 8.23779 7.3364 -39.2253
-4.66406 27.0007 380.307 135.17 8.22326 7.13233 -39.2979
-4.65625 27.0649 380.361 134.863 8.20869 6.92816 -39.3704
-4.64844 27.129 380.415 134.555 8.19408 6.72388 -39.4428
-4.64062 27.1929 380.466 134.246 8.17943 6.51949 -39.515
-4.63281 27.2568 380.517 133.937 8.16474 6.31499 -39.5871
-4.625 27.3205 380.565 133.628 8.15001 6.11038 -39.6591
-4.61719 27.3841 380.612 133.318 8.13524 5.90566 -39.731
-4.60938 27.4476 380.657 133.007 8.12043 5.70082 -39.8027
-4.60156 27.511 380.701 132.696 8.10558 5.49587 -39.8743
-4.59375 27.5743 380.743 132.384 8.09069 5.2908 -39.9458
-4.58594 27.6374 380.784 132.072 8.07575 5.08562 -40.0171
-4.57812 27.7005 380.823 131.759 8.06078 4.88031 -40.0883
-4.57031 27.7634 380.86 131.445 8.04576 4.67488 -40.1594
-4.5625 27.8262 380.896 131.131 8.03071 4.46933 -40.2303
-4.55469 27.8889 380.93 130.817 8.01561 4.26366 -40.3012
-4.54688 27.9514 380.962 130.502 8.00047 4.05786 -40.3719
-4.53906 28.0139 380.993 130.186 7.98529 3.85194 -40.4424
-4.53125 28.0762 381.023 129.87 7.97006 3.64589 -40.5129
-4.52344 28.1384 381.05 129.553 7.9548 3.4397 -40.5832
-4.51562 28.2005 381.076 129.236 7.93949 3.23339 -40.6534
-4.50781 28.2625 381.101 128.918 7.92414 3.02695 -40.7234
-4.5 28.3243 381.124 128.599 7.90875 2.82037 -40.7934
-4.49219 28.386 381.145 128.28 7.89331 2.61366 -40.8632
-4.48438 28.4476 381.164 127.961 7.87784 2.40681 -40.9328
-4.47656 28.5091 381.182 127.641 7.86232 2.19982 -41.0024
-4.46875 28.5705 381.199 127.32 7.84675 1.9927 -41.0718
-4.46094 28.6317 381.214 126.999 7.83115 1.78543 -41.1411
-4.45312 28.6928 381.227 126.677 7.8155 1.57802 -41.2103
-4.44531 28.7538 381.238 126.355 7.7998 1.37047 -41.2793
-4.4375 28.8147 381.248 126.032 7.78406 1.16277 -41.3483
-4.42969 28.8755 381.256 125.709 7.76828 0.954927 -41.4171
-4.42188 28.9361 381.263 125.385 7.75246 0.746936 -41.4857
-4.41406 28.9966 381.268 125.061 7.73659 0.538795 -41.5543
-4.40625 29.057 381.272 124.736 7.72068 0.330504 -41.6227
-4.39844 29.1172 381.273 124.41 7.70472 0.12206 -41.691
-4.39062 29.1774 381.273 124.084 7.68872 -0.0865379 -41.7592
-4.38281 29.2374 381.272 123.758 7.67267 -0.295291 -41.8272
-4.375 29.2973 381.269 123.431 7.65658 -0.5042 -41.8951
-4.36719 29.357 381.264 123.103 7.64044 -0.713268 -41.9629
-4.35938 29.4166 381.258 122.775 7.62426 -0.922496 -42.0306
-4.35156 29.4761 381.25 122.447 7.60803 -1.13188 -42.0982
-4.34375 29.5355 381.24 122.117 7.59176 -1.34144 -42.1656
-4.33594 29.5948 381.229 121.788 7.57544 -1.55115 -42.2329
-4.32812 29.6539 381.216 121.458 7.55908 -1.76103 -42.3001
-4.32031 29.7129 381.201 121.127 7.54267 -1.97108 -42.3671
-4.3125 29.7717 381.185 120.796 7.52621 -2.1813 -42.434
-4.30469 29.8305 381.167 120.464 7.50971 -2.39169 -42.5008
-4.29688 29.8891 381.148 120.131 7.49316 -2.60225 -42.5675
-4.28906 29.9475 381.126 119.799 7.47656 -2.81298 -42.6341
-4.28125 30.0059 381.104 119.465 7.45992 -3.02389 -42.7005
-4.27344 30.0641 381.079 119.131 7.44323 -3.23497 -42.7668
-4.26562 30.1222 381.053 118.797 7.42649 -3.44624 -42.833
-4.25781 30.1801 381.025 118.462 7.4097 -3.65768 -42.8991
-4.25 30.238 380.996 118.127 7.39287 -3.8693 -42.965
-4.24219 30.2957 380.965 117.791 7.37599 -4.08111 -43.0308
-4.23438 30.3532 380.932 117.454 7.35906 -4.2931 -43.0965
-4.22656 30.4106 380.898 117.118 7.34208 -4.50528 -43.1621
-4.21875 30.4679 380.862 116.78 7.32506 -4.71764 -43.2276
-4.21094 30.5251 380.824 116.442 7.30798 -4.9302 -43.2929
-4.20312 30.5821 380.785 116.104 7.29086 -5.14294 -43.3581
-4.19531 30.639 380.744 115.765 7.27369 -5.35588 -43.4232
-4.1875 30.6958 380.701 115.425 7.25647 -5.56901 -43.4881
-4.17969 30.7524 380.657 115.085 7.2392 -5.78233 -43.553
-4.17188 30.8089 380.611 114.745 7.22188 -5.99586 -43.6177
-4.16406 30.8652 380.563 114.404 7.20451 -6.20958 -43.6823
-4.15625 30.9215 380.514 114.062 7.18709 -6.42351 -43.7467
-4.14844 30.9775 380.463 113.72 7.16962 -6.63763 -43.8111
-4.14062 31.0335 380.41 113.378 7.1521 -6.85196 -43.8753
-4.13281 31.0893 380.356 113.034 7.13452 -7.0665 -43.9394
-4.125 31.145 380.3 112.691 7.1169 -7.28124 -44.0033
-4.11719 31.2005 380.242 112.347 7.09923 -7.49619 -44.0672
-4.10938 31.2559 380.182 112.002 7.0815 -7.71135 -44.1309
-4.10156 31.3111 380.121 111.657 7.06373 -7.92673 -44.1945
-4.09375 31.3663 380.059 111.312 7.0459 -8.14232 -44.258
-4.08594 31.4212 379.994 110.966 7.02802 -8.35812 -44.3214
-4.07812 31.4761 379.928 110.619 7.01009 -8.57414 -44.3846
-4.07031 31.5308 379.86 110.272 6.9921 -8.79039 -44.4477
-4.0625 31.5853 379.791 109.925 6.97407 -9.00685 -44.5107
-4.05469 31.6397 379.719 109.577 6.95598 -9.22353 -44.5735
-4.04688 31.694 379.646 109.228 6.93783 -9.44044 -44.6363
-4.03906 31.7481 379.572 108.879 6.91964 -9.65758 -44.6989
-4.03125 31.8021 379.496 108.53 6.90139 -9.87494 -44.7614
-4.02344 31.856 379.418 108.18 6.88308 -10.0925 -44.8238
-4.01562 31.9097 379.338 107.83 6.86473 -10.3104 -44.886
-4.00781 31.9632 379.256 107.479 6.84632 -10.5284 -44.9481
-4 32.0166 379.173 107.127 6.82785 -10.7467 -45.0101
-3.99219 32.0699 379.089 106.775 6.80933 -10.9652 -45.072
-3.98438 32.123 379.002 106.423 6.79075 -11.184 -45.1337
-3.97656 32.176 378.914 106.07 6.77212 -11.403 -45.1954
-3.96875 32.2289 378.824 105.717 6.75343 -11.6223 -45.2569
-3.96094 32.2815 378.732 105.363 6.73469 -11.8418 -45.3183
-3.95312 32.3341 378.639 105.009 6.71589 -12.0615 -45.3795
-3.94531 32.3865 378.544 104.654 6.69704 -12.2815 -45.4406
-3.9375 32.4387 378.447 104.299 6.67813 -12.5017 -45.5016
-3.92969 32.4908 378.348 103.943 6.65916 -12.7222 -45.5625
-3.92188 32.5428 378.248 103.587 6.64013 -12.943 -45.6233
-3.91406 32.5946 378.146 103.23 6.62105 -13.164 -45.6839
-3.90625 32.6462 378.042 102.873 6.60191 -13.3852 -45.7444
-3.89844 32.6977 377.937 102.515 6.58271 -13.6068 -45.8048
-3.89062 32.7491 377.83 102.157 6.56346 -13.8285 -45.865
-3.88281 32.8003 377.721 101.799 6.54414 -14.0506 -45.9251
-3.875 32.8513 377.61 101.44 6.52477 -14.2729 -45.9851
-3.86719 32.9022 377.498 101.08 6.50534 -14.4955 -46.045
-3.85938 32.953 377.384 100.72 6.48585 -14.7183 -46.1048
-3.85156 33.0036 377.268 100.36 6.4663 -14.9414 -46.1644
-3.84375 33.054 377.15 99.999 6.44669 -15.1648 -46.2239
-3.83594 33.1043 377.031 99.6376 6.42702 -15.3885 -46.2833
-3.82812 33.1544 376.91 99.2758 6.40729 -15.6124 -46.3425
-3.82031 33.2044 376.787 98.9135 6.38749 -15.8366 -46.4016
-3.8125 33.2542 376.662 98.5508 6.36764 -16.0611 -46.4606
-3.80469 33.3039 376.536 98.1876 6.34773 -16.2859 -46.5195
-3.79688 33.3534 376.408 97.8239 6.32775 -16.511 -46.5782
-3.78906 33.4028 376.278 97.4598 6.30772 -16.7363 -46.6368
-3.78125 33.452 376.146 97.0952 6.28762 -16.962 -46.6953
-3.77344 33.501 376.013 96.7302 6.26746 -17.1879 -46.7536
-3.76562 33.5499 375.878 96.3647 6.24723 -17.4142 -46.8118
-3.75781 33.5986 375.741 95.9987 6.22695 -17.6407 -46.8699
-3.75 33.6472 375.602 95.6323 6.2066 -17.8675 -46.9279
-3.74219 33.6956 375.462 95.2655 6.18618 -18.0946 -46.9857
-3.73438 33.7439 375.32 94.8982 6.1657 -18.3221 -47.0434
-3.72656 33.792 375.176 94.5304 6.14516 -18.5498 -47.101
-3.71875 33.8399 375.03 94.1622 6.12455 -18.7778 -47.1584
-3.71094 33.8877 374.882 93.7936 6.10388 -19.0062 -47.2157
-3.70312 33.9353 374.733 93.4245 6.08314 -19.2348 -47.2729
-3.69531 33.9827 374.582 93.055 6.06234 -19.4638 -47.33
-3.6875 34.03 374.429 92.685 6.04147 -19.6931 -47.3869
-3.67969 34.0771 374.274 92.3145 6.02054 -19.9227 -47.4437
-3.67188 34.1241 374.117 91.9437 5.99954 -20.1526 -47.5003
-3.66406 34.1708 373.959 91.5723 5.97847 -20.3828 -47.5568
-3.65625 34.2175 373.799 91.2006 5.95733 -20.6134 -47.6132
-3.64844 34.2639 373.637 90.8284 5.93613 -20.8443 -47.6695
-3.64062 34.3102 373.473 90.4558 5.91485 -21.0755 -47.7256
-3.63281 34.3563 373.308 90.0827 5.89351 -21.307 -47.7816
-3.625 34.4023 373.14 89.7092 5.87211 -21.5389 -47.8375
-3.61719 34.4481 372.971 89.3352 5.85063 -21.7711 -47.8932
-3.60938 34.4937 372.8 88.9608 5.82908 -22.0037 -47.9488
-3.60156 34.5392 372.627 88.586 5.80746 -22.2366 -48.0042
-3.59375 34.5845 372.453 88.2108 5.78578 -22.4698 -48.0596
-3.58594 34.6296 372.276 87.8351 5.76402 -22.7034 -48.1147
-3.57812 34.6745 372.098 87.459 5.74219 -22.9374 -48.1698
-3.57031 34.7193 371.918 87.0824 5.72029 -23.1716 -48.2247
-3.5625 34.7639 371.736 86.7055 5.69832 -23.4063 -48.2795
-3.55469 34.8083 371.552 86.3281 5.67627 -23.6413 -48.3341
-3.54688 34.8526 371.366 85.9502 5.65415 -23.8766 -48.3886
-3.53906 34.8967 371.179 85.572 5.63196 -24.1123 -48.443
-3.53125 34.9406 370.99 85.1933 5.6097 -24.3484 -48.4972
-3.52344 34.9843 370.799 84.8142 5.58737 -24.5848 -48.5513
-3.51562 35.0279 370.606 84.4347 5.56495 -24.8216 -48.6052
-3.50781 35.0713 370.411 84.0548 5.54247 -25.0588 -48.659
-3.5 35.1145 370.214 83.6744 5.51991 -25.2963 -48.7127
-3.49219 35.1575 370.015 83.2936 5.49727 -25.5342 -48.7662
-3.48438 35.2004 369.815 82.9124 5.47456 -25.7725 -48.8196
-3.47656 35.2431 369.613 82.5308 5.45178 -26.0112 -48.8729
-3.46875 35.2856 369.409 82.1488 5.42891 -26.2502 -48.926
-3.46094 35.3279 369.203 81.7664 5.40597 -26.4897 -48.9789
-3.45312 35.37 368.995 81.3835 5.38295 -26.7295 -49.0318
-3.44531 35.412 368.785 81.0002 5.35986 -26.9697 -49.0844
-3.4375 35.4538 368.573 80.6166 5.33668 -27.2103 -49.137
-3.42969 35.4954 368.36 80.2325 5.31343 -27.4513 -49.1894
-3.42188 35.5368 368.144 79.848 5.2901 -27.6927 -49.2416
-3.41406 35.578 367.927 79.4631 5.26669 -27.9345 -49.2937
-3.40625 35.6191 367.708 79.0778 5.2432 -28.1768 -49.3457
-3.39844 35.66 367.487 78.6921 5.21962 -28.4194 -49.3975
-3.39062 35.7007 367.264 78.3059 5.19597 -28.6624 -49.4491
-3.38281 35.7412 367.039 77.9194 5.17224 -28.9058 -49.5006
-3.375 35.7815 366.812 77.5325 5.14842 -29.1497 -49.552
-3.36719 35.8216 366.583 77.1452 5.12452 -29.394 -49.6032
-3.35938 35.8615 366.353 76.7574 5.10054 -29.6387 -49.6543
-3.35156 35.9013 366.12 76.3693 5.07647 -29.8838 -49.7052
-3.34375 35.9409 365.886 75.9808 5.05232 -30.1293 -49.756
-3.33594 35.9802 365.65 75.5919 5.02809 -30.3753 -49.8066
-3.32812 36.0194 365.411 75.2026 5.00377 -30.6217 -49.8571
-3.32031 36.0584 365.171 74.8129 4.97937 -30.8685 -49.9074
-3.3125 36.0972 364.929 74.4228 4.95488 -31.1158 -49.9575
-3.30469 36.1358 364.685 74.0323 4.9303 -31.3635 -50.0075
-3.29688 36.1743 364.439 73.6414 4.90564 -31.6117 -50.0574
-3.28906 36.2125 364.191 73.2501 4.88089 -31.8603 -50.1071
-3.28125 36.2505 363.941 72.8585 4.85605 -32.1094 -50.1566
-3.27344 36.2884 363.689 72.4664 4.83113 -32.3589 -50.206
-3.26562 36.326 363.436 72.074 4.80611 -32.6089 -50.2552
-3.25781 36.3635 363.18 71.6812 4.78101 -32.8593 -50.3043
-3.25 36.4007 362.922 71.288 4.75581 -33.1102 -50.3532
-3.24219 36.4378 362.662 70.8944 4.73053 -33.3615 -50.402
-3.23438 36.4746 362.401 70.5005 4.70515 -33.6134 -50.4506
-3.22656 36.5113 362.137 70.1061 4.67968 -33.8657 -50.499
-3.21875 36.5478 361.872 69.7114 4.65412 -34.1185 -50.5473
-3.21094 36.584 361.604 69.3163 4.62847 -34.3717 -50.5954
-3.20312 36.6201 361.335 68.9209 4.60272 -34.6255 -50.6434
-3.19531 36.6559 361.063 68.525 4.57688 -34.8797 -50.6912
-3.1875 36.6916 360.79 68.1288 4.55095 -35.1344 -50.7388
-3.17969 36.727 360.514 67.7322 4.52492 -35.3896 -50.7863
-3.17188 36.7623 360.237 67.3353 4.49879 -35.6453 -50.8335
-3.16406 36.7973 359.957 66.938 4.47257 -35.9015 -50.8807
-3.15625 36.8322 359.676 66.5403 4.44625 -36.1582 -50.9276
-3.14844 36.8668 359.392 66.1422 4.41984 -36.4154 -50.9744
-3.14062 36.9012 359.107 65.7438 4.39332 -36.6731 -51.0211
-3.13281 36.9355 358.819 65.345 4.36671 -36.9314 -51.0675
-3.125 36.9695 358.53 64.9459 4.34 -37.1901 -51.1138
-3.11719 37.0033 358.238 64.5464 4.31319 -37.4494 -51.1599
-3.10938 37.0369 357.944 64.1465 4.28627 -37.7092 -51.2058
-3.10156 37.0702 357.649 63.7463 4.25926 -37.9695 -51.2516
-3.09375 37.1034 357.351 63.3457 4.23215 -38.2304 -51.2972
-3.08594 37.1364 357.052 62.9448 4.20493 -38.4917 -51.3426
-3.07812 37.1691 356.75 62.5435 4.17761 -38.7537 -51.3879
-3.07031 37.2016 356.446 62.1418 4.15018 -39.0161 -51.4329
-3.0625 37.234 356.14 61.7398 4.12265 -39.2791 -51.4778
-3.05469 37.2661 355.832 61.3375 4.09501 -39.5427 -51.5225
-3.04688 37.2979 355.522 60.9348 4.06727 -39.8068 -51.567
-3.03906 37.3296 355.21 60.5317 4.03943 -40.0715 -51.6114
-3.03125 37.3611 354.896 60.1284 4.01147 -40.3367 -51.6556
-3.02344 37.3923 354.58 59.7246 3.98341 -40.6025 -51.6995
-3.01562 37.4233 354.262 59.3206 3.95524 -40.8689 -51.7433
-3.00781 37.4541 353.941 58.9161 3.92696 -41.1358 -51.7869
-3 37.4847 353.619 58.5114 3.89857 -41.4033 -51.8304
-2.99219 37.515 353.294 58.1063 3.87006 -41.6714 -51.8736
-2.98438 37.5451 352.968 57.7009 3.84145 -41.9401 -51.9166
-2.97656 37.575 352.639 57.2951 3.81272 -42.2094 -51.9595
-2.96875 37.6047 352.308 56.889 3.78389 -42.4792 -52.0022
-2.96094 37.6341 351.975 56.4826 3.75493 -42.7497 -52.0446
-2.95312 37.6634 351.64 56.0758 3.72587 -43.0208 -52.0869
-2.94531 37.6924 351.303 55.6687 3.69668 -43.2924 -52.129
-2.9375 37.7211 350.964 55.2613 3.66738 -43.5647 -52.1709
-2.92969 37.7497 350.623 54.8535 3.63797 -43.8376 -52.2126
-2.92188 37.778 350.279 54.4455 3.60843 -44.1111 -52.2541
-2.91406 37.806 349.933 54.0371 3.57878 -44.3852 -52.2954
-2.90625 37.8339 349.585 53.6283 3.54901 -44.66 -52.3365
-2.89844 37.8615 349.235 53.2193 3.51912 -44.9354 -52.3774
-2.89062 37.8889 348.883 52.81 3.48911 -45.2114 -52.4181
-2.88281 37.916 348.529 52.4003 3.45897 -45.488 -52.4586
-2.875 37.9429 348.173 51.9903 3.42871 -45.7653 -52.4989
-2.86719 37.9696 347.814 51.58 3.39833 -46.0433 -52.5389
-2.85938 37.996 347.453 51.1694 3.36783 -46.3219 -52.5788
-2.85156 38.0222 347.09 50.7584 3.3372 -46.6012 -52.6185
-2.84375 38.0482 346.725 50.3472 3.30644 -46.8811 -52.6579
-2.83594 38.0739 346.358 49.9357 3.27556 -47.1617 -52.6971
-2.82812 38.0993 345.988 49.5238 3.24455 -47.443 -52.7362
-2.82031 38.1246 345.616 49.1117 3.21341 -47.7249 -52.775
-2.8125 38.1495 345.242 48.6992 3.18214 -48.0076 -52.8135
-2.80469 38.1743 344.866 48.2865 3.15074 -48.2909 -52.8519
-2.79688 38.1988 344.488 47.8734 3.1192 -48.5749 -52.8901
-2.78906 38.223 344.107 47.46 3.08754 -48.8596 -52.928
-2.78125 38.247 343.724 47.0464 3.05574 -49.145 -52.9657
-2.77344 38.2708 343.339 46.6325 3.02381 -49.4311 -53.0032
-2.76562 38.2943 342.952 46.2182 2.99174 -49.7179 -53.0404
-2.75781 38.3175 342.563 45.8037 2.95953 -50.0055 -53.0774
-2.75 38.3405 342.171 45.3889 2.92719 -50.2937 -53.1142
-2.74219 38.3632 341.777 44.9738 2.89471 -50.5827 -53.1508
-2.73438 38.3857 341.38 44.5584 2.86209 -50.8725 -53.1871
-2.72656 38.408 340.982 44.1427 2.82933 -51.1629 -53.2232
-2.71875 38.4299 340.581 43.7268 2.79643 -51.4541 -53.2591
-2.71094 38.4517 340.178 43.3106 2.76338 -51.7461 -53.2947
-2.70312 38.4731 339.772 42.8941 2.7302 -52.0388 -53.33
-2.69531 38.4943 339.365 42.4773 2.69686 -52.3323 -53.3652
-2.6875 38.5153 338.955 42.0602 2.66339 -52.6265 -53.4001
-2.67969 38.5359 338.542 41.6429 2.62976 -52.9215 -53.4347
-2.67188 38.5563 338.128 41.2253 2.59599 -53.2173 -53.4691
-2.66406 38.5765 337.711 40.8075 2.56207 -53.5138 -53.5033
-2.65625 38.5964 337.292 40.3893 2.52799 -53.8112 -53.5372
-2.64844 38.616 336.87 39.9709 2.49377 -54.1093 -53.5708
-2.64062 38.6353 336.446 39.5523 2.4594 -54.4083 -53.6042
-2.63281 38.6544 336.02 39.1334 2.42487 -54.708 -53.6373
-2.625 38.6732 335.591 38.7142 2.39018 -55.0086 -53.6702
-2.61719 38.6918 335.16 38.2948 2.35534 -55.3099 -53.7028
-2.60938 38.71 334.727 37.8751 2.32035 -55.6121 -53.7351
-2.60156 38.728 334.291 37.4552 2.28519 -55.9151 -53.7672
-2.59375 38.7457 333.853 37.035 2.24988 -56.219 -53.799
-2.58594 38.7632 333.413 36.6146 2.2144 -56.5237 -53.8306
-2.57812 38.7803 332.97 36.1939 2.17877 -56.8292 -53.8618
-2.57031 38.7972 332.525 35.773 2.14296 -57.1356 -53.8928
-2.5625 38.8138 332.078 35.3518 2.107 -57.4429 -53.9235
-2.55469 38.8301 331.628 34.9304 2.07087 -57.751 -53.954
-2.54688 38.8462 331.175 34.5088 2.03457 -58.06 -53.9841
-2.53906 38.8619 330.72 34.0869 1.99811 -58.3699 -54.014
-2.53125 38.8774 330.263 33.6648 1.96147 -58.6807 -54.0436
-2.52344 38.8926 329.803 33.2425 1.92466 -58.9923 -54.0729
-2.51562 38.9075 329.341 32.8199 1.88768 -59.3049 -54.1019
-2.50781 38.9221 328.877 32.3972 1.85053 -59.6184 -54.1306
-2.5 38.9364 328.41 31.9741 1.8132 -59.9327 -54.159
-2.49219 38.9504 327.94 31.5509 1.7757 -60.248 -54.1871
-2.48438 38.9641 327.468 31.1275 1.73801 -60.5643 -54.2149
-2.47656 38.9776 326.994 30.7038 1.70015 -60.8814 -54.2424
-2.46875 38.9907 326.517 30.2799 1.66211 -61.1995 -54.2696
-2.46094 39.0035 326.038 29.8559 1.62388 -61.5186 -54.2965
-2.45312 39.0161 325.556 29.4316 1.58547 -61.8386 -54.323
-2.44531 39.0283 325.072 29.0071 1.54688 -62.1595 -54.3493
-2.4375 39.0402 324.585 28.5824 1.50809 -62.4815 -54.3752
-2.42969 39.0519 324.095 28.1574 1.46912 -62.8044 -54.4008
-2.42188 39.0632 323.603 27.7323 1.42996 -63.1283 -54.4261
-2.41406 39.0742 323.109 27.307 1.39061 -63.4532 -54.4511
-2.40625 39.0849 322.612 26.8815 1.35107 -63.779 -54.4757
-2.39844 39.0953 322.112 26.4559 1.31133 -64.1059 -54.5
-2.39062 39.1054 321.61 26.03 1.27139 -64.4339 -54.524
-2.38281 39.1152 321.106 25.6039 1.23126 -64.7628 -54.5476
-2.375 39.1246 320.598 25.1777 1.19092 -65.0928 -54.5709
-2.36719 39.1338 320.089 24.7513 1.15039 -65.4238 -54.5938
-2.35938 39.1426 319.576 24.3246 1.10965 -65.7558 -54.6164
-2.35156 39.1511 319.061 23.8979 1.06871 -66.0889 -54.6386
-2.34375 39.1593 318.543 23.4709 1.02756 -66.4231 -54.6605
-2.33594 39.1672 318.023 23.0438 0.986199 -66.7584 -54.682
-2.32812 39.1747 317.5 22.6165 0.944631 -67.0947 -54.7032
-2.32031 39.1819 316.975 22.1891 0.902851 -67.4321 -54.724
-2.3125 39.1888 316.447 21.7615 0.860857 -67.7706 -54.7444
-2.30469 39.1954 315.916 21.3337 0.818648 -68.1103 -54.7644
-2.29688 39.2016 315.382 20.9058 0.776222 -68.451 -54.7841
-2.28906 39.2075 314.846 20.4777 0.733576 -68.7929 -54.8033
-2.28125 39.2131 314.308 20.0495 0.690708 -69.1359 -54.8222
-2.27344 39.2183 313.766 19.6211 0.647618 -69.48 -54.8407
-2.26562 39.2232 313.222 19.1926 0.604303 -69.8253 -54.8588
-2.25781 39.2278 312.675 18.7639 0.56076 -70.1718 -54.8765
-2.25 39.232 312.126 18.3351 0.516988 -70.5194 -54.8938
-2.24219 39.2358 311.573 17.9062 0.472985 -70.8682 -54.9107
-2.23438 39.2394 311.018 17.4772 0.428749 -71.2182 -54.9272
-2.22656 39.2425 310.46 17.048 0.384278 -71.5694 -54.9433
-2.21875 39.2454 309.9 16.6187 0.339569 -71.9218 -54.959
-2.21094 39.2478 309.337 16.1892 0.29462 -72.2754 -54.9742
-2.20312 39.25 308.771 15.7597 0.24943 -72.6302 -54.989
-2.19531 39.2517 308.202 15.33 0.203996 -72.9863 -55.0034
-2.1875 39.2531 307.63 14.9003 0.158316 -73.3437 -55.0173
-2.17969 39.2542 307.056 14.4704 0.112387 -73.7023 -55.0308
-2.17188 39.2549 306.479 14.0404 0.0662081 -74.0621 -55.0438
-2.16406 39.2552 305.899 13.6103 0.0197759 -74.4233 -55.0564
-2.15625 39.2552 305.316 13.1802 -0.0269117 -74.7857 -55.0686
-2.14844 39.2548 304.73 12.7499 -0.0738568 -75.1494 -55.0803
-2.14062 39.2541 304.142 12.3195 -0.121062 -75.5145 -55.0915
-2.13281 39.2529 303.55 11.8891 -0.16853 -75.8809 -55.1022
-2.125 39.2514 302.956 11.4586 -0.216262 -76.2486 -55.1125
-2.11719 39.2495 302.359 11.028 -0.264262 -76.6176 -55.1223
-2.10938 39.2473 301.759 10.5973 -0.312532 -76.988 -55.1316
-2.10156 39.2447 301.156 10.1665 -0.361075 -77.3598 -55.1404
-2.09375 39.2416 300.55 9.73572 -0.409892 -77.7329 -55.1487
-2.08594 39.2383 299.941 9.30484 -0.458987 -78.1075 -55.1565
-2.07812 39.2345 299.33 8.8739 -0.508363 -78.4834 -55.1638
-2.07031 39.2303 298.715 8.44291 -0.558021 -78.8608 -55.1705
-2.0625 39.2258 298.097 8.01186 -0.607965 -79.2396 -55.1768
-2.05469 39.2208 297.477 7.58077 -0.658198 -79.6198 -55.1825
-2.04688 39.2155 296.853 7.14964 -0.708722 -80.0015 -55.1877
-2.03906 39.2097 296.227 6.71846 -0.759539 -80.3846 -55.1924
-2.03125 39.2036 295.597 6.28726 -0.810654 -80.7692 -55.1965
-2.02344 39.1971 294.965 5.85602 -0.862069 -81.1553 -55.2
-2.01562 39.1901 294.329 5.42476 -0.913787 -81.5429 -55.203
-2.00781 39.1828 293.691 4.99348 -0.96581 -81.932 -55.2055
-2 39.175 293.049 4.56218 -1.01814 -82.3227 -55.2073
-1.99219 39.1669 292.404 4.13086 -1.07079 -82.7149 -55.2086
-1.98438 39.1583 291.757 3.69954 -1.12375 -83.1086 -55.2093
-1.97656 39.1493 291.106 3.26822 -1.17702 -83.5039 -55.2094
-1.96875 39.1399 290.452 2.8369 -1.23062 -83.9008 -55.2089
-1.96094 39.1301 289.795 2.40559 -1.28455 -84.2993 -55.2078
-1.95312 39.1198 289.135 1.97428 -1.3388 -84.6994 -55.2061
-1.94531 39.1092 288.471 1.54299 -1.39338 -85.1012 -55.2037
-1.9375 39.0981 287.805 1.11173 -1.4483 -85.5045 -55.2007
-1.92969 39.0865 287.135 0.680484 -1.50355 -85.9096 -55.1971
-1.92188 39.0746 286.463 0.249274 -1.55915 -86.3162 -55.1929
-1.91406 39.0622 285.787 -0.181901 -1.61509 -86.7246 -55.1879
-1.90625 39.0493 285.107 -0.613035 -1.67138 -87.1347 -55.1824
-1.89844 39.0361 284.425 -1.04412 -1.72802 -87.5465 -55.1761
-1.89062 39.0223 283.74 -1.47516 -1.78502 -87.96 -55.1692
-1.88281 39.0082 283.051 -1.90614 -1.84238 -88.3752 -55.1616
-1.875 38.9935 282.359 -2.33706 -1.9001 -88.7923 -55.1533
-1.86719 38.9785 281.663 -2.76791 -1.95819 -89.2111 -55.1442
-1.85938 38.9629 280.965 -3.19868 -2.01665 -89.6317 -55.1345
-1.85156 38.947 280.263 -3.62938 -2.07548 -90.0541 -55.124
-1.84375 38.9305 279.558 -4.05999 -2.13469 -90.4783 -55.1129
-1.83594 38.9136 278.849 -4.49052 -2.19429 -90.9044 -55.1009
-1.82812 38.8962 278.137 -4.92094 -2.25427 -91.3323 -55.0882
-1.82031 38.8784 277.422 -5.35127 -2.31465 -91.7621 -55.0748
-1.8125 38.8601 276.703 -5.78148 -2.37542 -92.1938 -55.0606
-1.80469 38.8413 275.982 -6.21158 -2.43659 -92.6274 -55.0455
-1.79688 38.822 275.256 -6.64157 -2.49817 -93.063 -55.0297
-1.78906 38.8022 274.527 -7.07142 -2.56015 -93.5005 -55.0131
-1.78125 38.782 273.795 -7.50114 -2.62255 -93.94 -54.9957
-1.77344 38.7612 273.06 -7.93073 -2.68536 -94.3814 -54.9775
-1.76562 38.74 272.321 -8.36016 -2.7486 -94.8249 -54.9584
-1.75781 38.7183 271.578 -8.78945 -2.81227 -95.2704 -54.9384
-1.75 38.6961 270.832 -9.21857 -2.87636 -95.7179 -54.9176
-1.74219 38.6734 270.082 -9.64753 -2.9409 -96.1675 -54.896
-1.73438 38.6501 269.329 -10.0763 -3.00588 -96.6192 -54.8734
-1.72656 38.6264 268.573 -10.5049 -3.0713 -97.073 -54.85
-1.71875 38.6021 267.813 -10.9333 -3.13717 -97.5289 -54.8256
-1.71094 38.5774 267.049 -11.3616 -3.20351 -97.987 -54.8003
-1.70312 38.5521 266.281 -11.7896 -3.2703 -98.4472 -54.7741
-1.69531 38.5263 265.511 -12.2174 -3.33757 -98.9096 -54.7469
-1.6875 38.4999 264.736 -12.645 -3.4053 -99.3742 -54.7188
-1.67969 38.4731 263.958 -13.0724 -3.47352 -99.8411 -54.6897
-1.67188 38.4457 263.176 -13.4995 -3.54222 -100.31 -54.6596
-1.66406 38.4177 262.39 -13.9264 -3.61141 -100.782 -54.6285
-1.65625 38.3892 261.601 -14.3531 -3.68109 -101.255 -54.5963
-1.64844 38.3602 260.808 -14.7795 -3.75128 -101.731 -54.5632
-1.64062 38.3306 260.012 -15.2056 -3.82198 -102.21 -54.529
-1.63281 38.3005 259.211 -15.6315 -3.89319 -102.69 -54.4937
-1.625 38.2698 258.407 -16.0571 -3.96492 -103.173 -54.4573
-1.61719 38.2385 257.599 -16.4824 -4.03717 -103.659 -54.4199
-1.60938 38.2067 256.787 -16.9074 -4.10996 -104.147 -54.3813
-1.60156 38.1743 255.972 -17.3321 -4.18329 -104.637 -54.3416
-1.59375 38.1413 255.152 -17.7565 -4.25716 -105.13 -54.3007
-1.58594 38.1078 254.329 -18.1806 -4.33159 -105.626 -54.2587
-1.57812 38.0736 253.502 -18.6043 -4.40658 -106.124 -54.2155
-1.57031 38.0389 252.671 -19.0277 -4.48213 -106.624 -54.1711
-1.5625 38.0036 251.836 -19.4507 -4.55826 -107.128 -54.1255
-1.55469 37.9677 250.997 -19.8734 -4.63497 -107.633 -54.0786
-1.54688 37.9312 250.154 -20.2957 -4.71226 -108.142 -54.0305
-1.53906 37.8941 249.307 -20.7176 -4.79016 -108.653 -53.9811
-1.53125 37.8563 248.457 -21.1391 -4.86865 -109.167 -53.9304
-1.52344 37.818 247.602 -21.5603 -4.94776 -109.683 -53.8784
-1.51562 37.779 246.743 -21.981 -5.02748 -110.203 -53.825
-1.50781 37.7394 245.88 -22.4013 -5.10784 -110.725 -53.7703
-1.5 37.6992 245.013 -22.8211 -5.18882 -111.25 -53.7142
-1.49219 37.6584 244.141 -23.2405 -5.27046 -111.778 -53.6567
-1.48438 37.6169 243.266 -23.6595 -5.35274 -112.308 -53.5978
-1.47656 37.5747 242.387 -24.078 -5.43568 -112.842 -53.5374
-1.46875 37.5319 241.503 -24.496 -5.5193 -113.379 -53.4755
-1.46094 37.4885 240.615 -24.9136 -5.60359 -113.918 -53.4121
-1.45312 37.4444 239.723 -25.3306 -5.68857 -114.461 -53.3472
-1.44531 37.3996 238.827 -25.7471 -5.77424 -115.007 -53.2808
-1.4375 37.3541 237.926 -26.1631 -5.86063 -115.555 -53.2128
-1.42969 37.308 237.021 -26.5785 -5.94772 -116.107 -53.1432
-1.42188 37.2612 236.112 -26.9934 -6.03555 -116.662 -53.0719
-1.41406 37.2137 235.198 -27.4078 -6.12411 -117.221 -52.999
-1.40625 37.1655 234.28 -27.8215 -6.21341 -117.782 -52.9244
-1.39844 37.1166 233.358 -28.2347 -6.30347 -118.347 -52.8481
-1.39062 37.067 232.431 -28.6473 -6.3943 -118.915 -52.77
-1.38281 37.0167 231.5 -29.0592 -6.48591 -119.486 -52.6902
-1.375 36.9657 230.564 -29.4706 -6.5783 -120.061 -52.6085
-1.36719 36.9139 229.624 -29.8812 -6.67149 -120.639 -52.5251
-1.35938 36.8614 228.679 -30.2913 -6.7655 -121.221 -52.4397
-1.35156 36.8082 227.73 -30.7006 -6.86033 -121.806 -52.3524
-1.34375 36.7542 226.776 -31.1093 -6.95599 -122.395 -52.2632
-1.33594 36.6995 225.817 -31.5172 -7.0525 -122.987 -52.1721
-1.32812 36.644 224.854 -31.9244 -7.14987 -123.583 -52.0789
-1.32031 36.5878 223.886 -32.3309 -7.24811 -124.182 -51.9836
-1.3125 36.5308 222.914 -32.7367 -7.34724 -124.786 -51.8863
-1.30469 36.473 221.936 -33.1417 -7.44727 -125.393 -51.7869
-1.29688 36.4144 220.954 -33.5458 -7.5482 -126.004 -51.6853
-1.28906 36.355 219.968 -33.9492 -7.65006 -126.618 -51.5815
-1.28125 36.2949 218.976 -34.3518 -7.75287 -127.237 -51.4754
-1.27344 36.2339 217.98 -34.7535 -7.85662 -127.86 -51.3671
-1.26562 36.1721 216.978 -35.1544 -7.96134 -128.486 -51.2564
-1.25781 36.1095 215.972 -35.5544 -8.06705 -129.117 -51.1434
-1.25 36.0461 214.961 -35.9535 -8.17376 -129.751 -51.0279
-1.24219 35.9818 213.945 -36.3517 -8.28148 -130.39 -50.91
-1.23438 35.9167 212.923 -36.749 -8.39023 -131.033 -50.7896
-1.22656 35.8507 211.897 -37.1453 -8.50002 -131.681 -50.6666
-1.21875 35.7838 210.866 -37.5406 -8.61088 -132.332 -50.541
-1.21094 35.7161 209.829 -37.935 -8.72282 -132.988 -50.4127
-1.20312 35.6475 208.788 -38.3283 -8.83585 -133.648 -50.2817
-1.19531 35.5781 207.741 -38.7206 -8.95001 -134.313 -50.1479
-1.1875 35.5077 206.689 -39.1119 -9.06529 -134.983 -50.0113
-1.17969 35.4364 205.632 -39.502 -9.18172 -135.656 -49.8718
-1.17188 35.3642 204.57 -39.8911 -9.29933 -136.335 -49.7294
-1.16406 35.2911 203.502 -40.279 -9.41813 -137.018 -49.584
-1.15625 35.2171 202.429 -40.6658 -9.53813 -137.706 -49.4355
-1.14844 35.1421 201.35 -41.0514 -9.65937 -138.399 -49.2838
-1.14062 35.0661 200.266 -41.4359 -9.78186 -139.097 -49.129
-1.13281 34.9892 199.177 -41.8191 -9.90562 -139.8 -48.9709
-1.125 34.9113 198.082 -42.201 -10.0307 -140.508 -48.8095
-1.11719 34.8325 196.981 -42.5817 -10.157 -141.22 -48.6446
-1.10938 34.7526 195.875 -42.9611 -10.2848 -141.938 -48.4763
-1.10156 34.6718 194.763 -43.3391 -10.4138 -142.662 -48.3045
-1.09375 34.5899 193.646 -43.7158 -10.5443 -143.39 -48.129
-1.08594 34.507 192.523 -44.0911 -10.6762 -144.124 -47.9498
-1.07812 34.4231 191.394 -44.465 -10.8095 -144.863 -47.7668
-1.07031 34.3381 190.259 -44.8375 -10.9442 -145.608 -47.58
-1.0625 34.2521 189.119 -45.2085 -11.0805 -146.359 -47.3892
-1.05469 34.165 187.973 -45.5779 -11.2183 -147.115 -47.1943
-1.04688 34.0768 186.82 -45.9458 -11.3576 -147.877 -46.9953
-1.03906 33.9875 185.662 -46.3122 -11.4985 -148.645 -46.792
-1.03125 33.8971 184.498 -46.677 -11.641 -149.418 -46.5845
-1.02344 33.8056 183.327 -47.0401 -11.7851 -150.198 -46.3725
-1.01562 33.713 182.151 -47.4015 -11.9309 -150.984 -46.1559
-1.00781 33.6192 180.968 -47.7612 -12.0783 -151.776 -45.9347
-1 33.5242 179.779 -48.1192 -12.2279 -152.575 -45.7088
-0.992188 33.4281 178.584 -48.4754 -12.3794 -153.382 -45.4783
-0.984375 33.3308 177.383 -48.8298 -12.5328 -154.195 -45.2431
-0.976562 33.2323 176.175 -49.1823 -12.688 -155.015 -45.0025
-0.96875 33.1325 174.961 -49.5329 -12.8451 -155.841 -44.7566
-0.960938 33.0316 173.74 -49.8816 -13.0042 -156.674 -44.5055
-0.953125 32.9293 172.512 -50.2283 -13.1653 -157.514 -44.2488
-0.945312 32.8259 171.279 -50.573 -13.3284 -158.361 -43.9864
-0.9375 32.7211 170.038 -50.9156 -13.4936 -159.215 -43.7183
-0.929688 32.615 168.791 -51.2561 -13.6609 -160.076 -43.4441
-0.921875 32.5076 167.537 -51.5944 -13.8304 -160.945 -43.1638
-0.914062 32.3989 166.276 -51.9305 -14.0022 -161.82 -42.8771
-0.90625 32.2888 165.008 -52.2643 -14.1762 -162.703 -42.584
-0.898438 32.1774 163.734 -52.5958 -14.3526 -163.594 -42.2842
-0.890625 32.0646 162.452 -52.925 -14.5314 -164.492 -41.9776
-0.882812 31.9503 161.164 -53.2517 -14.7127 -165.397 -41.6639
-0.875 31.8347 159.868 -53.5759 -14.8964 -166.311 -41.343
-0.867188 31.7176 158.565 -53.8976 -15.0827 -167.233 -41.0146
-0.859375 31.599 157.255 -54.2168 -15.2717 -168.162 -40.6787
-0.851562 31.4789 155.937 -54.5332 -15.4633 -169.1 -40.3349
-0.84375 31.3574 154.613 -54.847 -15.6577 -170.046 -39.983
-0.835938 31.2343 153.28 -55.1579 -15.855 -171 -39.6227
-0.828125 31.1096 151.941 -55.466 -16.0551 -171.963 -39.2539
-0.820312 30.9834 150.593 -55.7712 -16.2582 -172.935 -38.8763
-0.8125 30.8556 149.238 -56.0734 -16.4643 -173.915 -38.4897
-0.804688 30.7261 147.876 -56.3726 -16.6736 -174.904 -38.0937
-0.796875 30.595 146.506 -56.6686 -16.886 -175.903 -37.6881
-0.789062 30.4623 145.127 -56.9614 -17.1017 -176.91 -37.2727
-0.78125 30.3278 143.741 -57.251 -17.3208 -177.927 -36.847
-0.773438 30.1916 142.347 -57.5371 -17.5433 -178.953 -36.4109
-0.765625 30.0537 140.945 -57.8198 -17.7693 -179.989 -35.964
-0.757812 29.914 139.535 -58.099 -17.9989 -181.035 -35.5059
-0.75 29.7724 138.116 -58.3746 -18.2321 -182.09 -35.0364
-0.742188 29.6291 136.69 -58.6464 -18.4692 -183.156 -34.555
-0.734375 29.4838 135.255 -58.9145 -18.7102 -184.232 -34.0614
-0.726562 29.3367 133.811 -59.1786 -18.9552 -185.318 -33.5553
-0.71875 29.1876 132.359 -59.4387 -19.2042 -186.415 -33.0362
-0.710938 29.0366 130.898 -59.6947 -19.4574 -187.522 -32.5037
-0.703125 28.8836 129.429 -59.9465 -19.715 -188.64 -31.9574
-0.695312 28.7286 127.951 -60.194 -19.9769 -189.769 -31.3968
-0.6875 28.5714 126.464 -60.437 -20.2434 -190.91 -30.8215
-0.679688 28.4122 124.968 -60.6755 -20.5145 -192.061 -30.2309
-0.671875 28.2509 123.463 -60.9093 -20.7905 -193.225 -29.6247
-0.664062 28.0874 121.949 -61.1383 -21.0713 -194.4 -29.0021
-0.65625 27.9216 120.425 -61.3624 -21.3572 -195.587 -28.3628
-0.648438 27.7536 118.892 -61.5814 -21.6482 -196.785 -27.706
-0.640625 27.5834 117.35 -61.7953 -21.9446 -197.996 -27.0313
-0.632812 27.4107 115.799 -62.0037 -22.2465 -199.22 -26.338
-0.625 27.2357 114.237 -62.2067 -22.5539 -200.456 -25.6254
-0.617188 27.0583 112.667 -62.4041 -22.8672 -201.705 -24.8928
-0.609375 26.8784 111.086 -62.5956 -23.1864 -202.967 -24.1397
-0.601562 26.696 109.495 -62.7812 -23.5117 -204.241 -23.3651
-0.59375 26.511 107.894 -62.9606 -23.8433 -205.529 -22.5683
-0.585938 26.3234 106.284 -63.1337 -24.1814 -206.831 -21.7486
-0.578125 26.1332 104.663 -63.3003 -24.5261 -208.146 -20.905
-0.570312 25.9402 103.031 -63.4602 -24.8777 -209.475 -20.0367
-0.5625 25.7444 101.39 -63.6133 -25.2364 -210.817 -19.1426
-0.554688 25.5458 99.7372 -63.7592 -25.6023 -212.174 -18.222
-0.546875 25.3443 98.0743 -63.8979 -25.9757 -213.545 -17.2737
-0.539062 25.1399 96.4006 -64.029 -26.3568 -214.93 -16.2966
-0.53125 24.9325 94.7159 -64.1524 -26.7459 -216.33 -15.2897
-0.523438 24.722 93.0203 -64.2678 -27.1431 -217.744 -14.2517
-0.515625 24.5083 91.3136 -64.375 -27.5488 -219.172 -13.1814
-0.507812 24.2915 89.5957 -64.4736 -27.9632 -220.615 -12.0774
-0.5 24.0714 87.8665 -64.5635 -28.3861 -222.074 -10.9385
-0.492188 23.8479 86.1258 -64.6444 -28.8178 -223.547 -9.76314
-0.484375 23.6211 84.3735 -64.7159 -29.2589 -225.036 -8.55008
-0.476562 23.3907 82.6095 -64.7778 -29.7095 -226.539 -7.29786
-0.46875 23.1568 80.8338 -64.8298 -30.17 -228.056 -6.00486
-0.460938 22.9193 79.0461 -64.8715 -30.6404 -229.588 -4.66938
-0.453125 22.678 77.2464 -64.9026 -31.121 -231.135 -3.28966
-0.445312 22.433 75.4345 -64.9227 -31.6122 -232.696 -1.86384
-0.4375 22.184 73.6105 -64.9315 -32.114 -234.27 -0.389977
-0.429688 21.9312 71.774 -64.9286 -32.6269 -235.858 1.13399
-0.421875 21.6742 69.9251 -64.9136 -33.151 -237.459 2.71027
-0.414062 21.4131 68.0637 -64.8861 -33.6867 -239.073 4.34117
-0.40625 21.1478 66.1896 -64.8456 -34.2342 -240.698 6.0291
-0.398438 20.8782 64.3027 -64.7916 -34.7939 -242.335 7.77659
-0.390625 20.6041 62.4031 -64.7238 -35.366 -243.982 9.58632
-0.382812 20.3255 60.4905 -64.6416 -35.9509 -245.638 11.4611
-0.375 20.0423 58.5649 -64.5445 -36.5489 -247.303 13.4039
-0.367188 19.7544 56.6263 -64.4319 -37.1604 -248.975 15.4178
-0.359375 19.4616 54.6747 -64.3033 -37.7856 -250.653 17.5061
-0.351562 19.1639 52.7099 -64.158 -38.425 -252.334 19.6722
-0.34375 18.8612 50.7319 -63.9956 -39.0787 -254.018 21.9196
-0.335938 18.5533 48.7408 -63.8152 -39.7472 -255.701 24.2521
-0.328125 18.2401 46.7366 -63.6163 -40.4308 -257.382 26.6735
-0.320312 17.9215 44.7193 -63.3981 -41.1297 -259.057 29.1879
-0.3125 17.5974 42.6889 -63.1598 -41.8442 -260.724 31.7994
-0.304688 17.2676 40.6455 -62.9008 -42.5746 -262.379 34.5124
-0.296875 16.9321 38.5893 -62.6202 -43.3211 -264.017 37.3312
-0.289062 16.5907 36.5203 -62.3171 -44.0838 -265.635 40.2605
-0.28125 16.2432 34.4388 -61.9907 -44.8628 -267.228 43.3047
-0.273438 15.8896 32.345 -61.64 -45.6581 -268.79 46.4686
-0.265625 15.5297 30.2391 -61.2641 -46.4697 -270.314 49.7569
-0.257812 15.1635 28.1215 -60.862 -47.2975 -271.794 53.1741
-0.25 14.7906 25.9926 -60.4327 -48.1414 -273.221 56.7281
-0.242188 14.4112 23.8527 -59.9751 -49.0012 -274.588 60.4231
-0.234375 14.0249 21.7024 -59.4881 -49.876 -275.886 64.2595
-0.226562 13.6318 19.5423 -58.9705 -50.7654 -277.105 68.241
-0.21875 13.2317 17.373 -58.4212 -51.6685 -278.234 72.3708
-0.210938 12.8244 15.1953 -57.8391 -52.5845 -279.262 76.6515
-0.203125 12.41 13.01 -57.2229 -53.512 -280.175 81.0849
-0.195312 11.9883 10.818 -56.5715 -54.4494 -280.959 85.6718
-0.1875 11.5592 8.62055 -55.8837 -55.3948 -281.6 90.4118
-0.179688 11.1227 6.41867 -55.1583 -56.3459 -282.081 95.3032
-0.171875 10.6788 4.21371 -54.394 -57.2999 -282.387 100.343
-0.164062 10.2274 2.00713 -53.5899 -58.2537 -282.499 105.525
-0.15625 9.76859 -0.199511 -52.7447 -59.2035 -282.4 110.842
-0.148438 9.30238 -2.40448 -51.8575 -60.1454 -282.072 116.284
-0.140625 8.82886 -4.60592 -50.9273 -61.0747 -281.498 121.84
-0.132812 8.34816 -6.80185 -49.9533 -61.9864 -280.659 127.493
-0.125 7.86041 -8.99013 -48.9349 -62.8753 -279.541 133.227
-0.117188 7.36584 -11.1685 -47.8714 -63.7356 -278.128 139.019
-0.109375 6.86468 -13.3347 -46.7626 -64.5613 -276.407 144.847
-0.101562 6.35723 -15.4861 -45.6082 -65.3466 -274.37 150.685
-0.09375 5.84382 -17.6204 -44.4082 -66.0853 -272.01 156.503
-0.0859375 5.32485 -19.735 -43.163 -66.7717 -269.323 162.272
-0.078125 4.80074 -21.8273 -41.873 -67.4004 -266.31 167.961
-0.0703125 4.27196 -23.8949 -40.539 -67.9663 -262.978 173.537
-0.0625 3.73903 -25.9352 -39.1621 -68.4652 -259.335 178.969
-0.0546875 3.20247 -27.9458 -37.7433 -68.8936 -255.397 184.226
-0.046875 2.66285 -29.9246 -36.2843 -69.2489 -251.181 189.281
-0.0390625 2.12075 -31.8695 -34.7867 -69.5296 -246.711 194.107
-0.03125 1.57675 -33.7786 -33.2524 -69.7351 -242.01 198.682
-0.0234375 1.03143 -35.6502 -31.6834 -69.866 -237.108 202.986
-0.015625 0.485377 -37.4827 -30.0818 -69.9237 -232.034 207.005
-0.0078125 -0.0608518 -39.2751 -28.4501 -69.9107 -226.817 210.728
0 -0.60672 -41.0263 -26.7904 -69.8315 -221.477 214.151
