-10.0000000    0.27634   -0.02900    2.14043
 -9.9843750    0.20710   -0.10243    2.20798
 -9.9687500    0.13446   -0.17477    2.27451
 -9.9531250    0.06702   -0.24162    2.34436
 -9.9375000    0.00232   -0.30405    2.40665
 -9.9218750   -0.05927   -0.36606    2.47411
 -9.9062500   -0.12183   -0.41910    2.53599
 -9.8906250   -0.17845   -0.47459    2.59745
 -9.8750000   -0.23325   -0.52095    2.65975
 -9.8593750   -0.28588   -0.56857    2.71744
 -9.8437500   -0.33911   -0.61073    2.77790
 -9.8281250   -0.38597   -0.64725    2.83391
 -9.8125000   -0.43192   -0.68510    2.89264
 -9.7968750   -0.47633   -0.71814    2.94742
 -9.7812500   -0.51890   -0.74510    3.00054
 -9.7656250   -0.55927   -0.77382    3.05644
 -9.7500000   -0.59630   -0.79665    3.10719
 -9.7343750   -0.63237   -0.81844    3.15858
 -9.7187500   -0.66734   -0.83614    3.21267
 -9.7031250   -0.69874   -0.85261    3.26014
 -9.6875000   -0.72891   -0.86467    3.30896
 -9.6718750   -0.75891   -0.87633    3.35939
 -9.6562500   -0.78503   -0.88330    3.40552
 -9.6406250   -0.80950   -0.88972    3.45290
 -9.6250000   -0.83370   -0.89347    3.50029
 -9.6093750   -0.85612   -0.89519    3.54341
 -9.5937500   -0.87546   -0.89392    3.59092
 -9.5781250   -0.89427   -0.89278    3.63410
 -9.5625000   -0.91342   -0.88815    3.67797
 -9.5468750   -0.92819   -0.88095    3.72068
 -9.5312500   -0.94297   -0.87333    3.76322
 -9.5156250   -0.95677   -0.86235    3.80551
 -9.5000000   -0.96817   -0.85389    3.84661
 -9.4843750   -0.97850   -0.83830    3.88957
 -9.4687500   -0.98980   -0.82690    3.92959
 -9.4531250   -0.99740   -0.80823    3.96809
 -9.4375000   -1.00463   -0.79362    4.01059
 -9.4218750   -1.01240   -0.77364    4.04838
 -9.4062500   -1.01537   -0.75541    4.08978
 -9.3906250   -1.02214   -0.73488    4.12824
 -9.3750000   -1.02510   -0.71469    4.16589
 -9.3593750   -1.02802   -0.69136    4.20615
 -9.3437500   -1.02902   -0.66727    4.24341
 -9.3281250   -1.03023   -0.64487    4.28197
 -9.3125000   -1.03068   -0.62135    4.32101
 -9.2968750   -1.03133   -0.59514    4.36007
 -9.2812500   -1.03152   -0.56882    4.39767
 -9.2656250   -1.02709   -0.54445    4.43425
 -9.2500000   -1.02716   -0.51650    4.47430
 -9.2343750   -1.02584   -0.49200    4.51216
 -9.2187500   -1.02046   -0.46245    4.55085
 -9.2031250   -1.01797   -0.43658    4.59025
 -9.1875000   -1.01434   -0.41092    4.62707
 -9.1718750   -1.01200   -0.38157    4.66679
 -9.1562500   -1.00570   -0.35455    4.70530
 -9.1406250   -1.00308   -0.32977    4.74568
 -9.1250000   -0.99864   -0.30131    4.78650
 -9.1093750   -0.99315   -0.27463    4.82446
 -9.0937500   -0.98889   -0.24718    4.86629
 -9.0781250   -0.98277   -0.22281    4.90666
 -9.0625000   -0.97911   -0.19405    4.94838
 -9.0468750   -0.97441   -0.16939    4.98932
 -9.0312500   -0.96858   -0.14156    5.03049
 -9.0156250   -0.96475   -0.11559    5.07250
 -9.0000000   -0.95773   -0.08776    5.11814
 -8.9843750   -0.95480   -0.06324    5.15952
 -8.9687500   -0.94772   -0.03557    5.20417
 -8.9531250   -0.94573   -0.00974    5.24810
 -8.9375000   -0.93936    0.01897    5.29316
 -8.9218750   -0.93655    0.04315    5.33838
 -8.9062500   -0.92940    0.07145    5.38474
 -8.8906250   -0.92853    0.09768    5.43132
 -8.8750000   -0.92396    0.12559    5.48017
 -8.8593750   -0.91959    0.15131    5.52865
 -8.8437500   -0.91612    0.18106    5.57566
 -8.8281250   -0.91452    0.20713    5.62589
 -8.8125000   -0.91217    0.23476    5.67639
 -8.7968750   -0.90894    0.26234    5.72958
 -8.7812500   -0.90744    0.29188    5.77905
 -8.7656250   -0.90733    0.32086    5.83355
 -8.7500000   -0.90427    0.34903    5.88689
 -8.7343750   -0.90594    0.37782    5.94283
 -8.7187500   -0.90582    0.40822    5.99805
 -8.7031250   -0.90671    0.43692    6.05384
 -8.6875000   -0.90763    0.46822    6.11361
 -8.6718750   -0.90873    0.49884    6.17268
 -8.6562500   -0.91215    0.52983    6.23275
 -8.6406250   -0.91472    0.56309    6.29303
 -8.6250000   -0.92026    0.59317    6.35579
 -8.6093750   -0.92255    0.62685    6.41979
 -8.5937500   -0.93000    0.66169    6.48403
 -8.5781250   -0.93423    0.69330    6.55273
 -8.5625000   -0.94243    0.73124    6.61999
 -8.5468750   -0.94926    0.76386    6.68785
 -8.5312500   -0.95688    0.80269    6.75890
 -8.5156250   -0.96771    0.83909    6.83090
 -8.5000000   -0.97798    0.87588    6.90481
 -8.4843750   -0.98774    0.91488    6.98133
 -8.4687500   -1.00147    0.95666    7.05623
 -8.4531250   -1.01368    0.99549    7.13698
 -8.4375000   -1.02834    1.03806    7.21598
 -8.4218750   -1.04234    1.08220    7.29833
 -8.4062500   -1.05815    1.12538    7.38217
 -8.3906250   -1.07757    1.17174    7.46839
 -8.3750000   -1.09304    1.21708    7.55692
 -8.3593750   -1.11527    1.26577    7.64725
 -8.3437500   -1.13443    1.31654    7.73733
 -8.3281250   -1.15485    1.36666    7.83261
 -8.3125000   -1.18025    1.41856    7.92795
 -8.2968750   -1.20369    1.47443    8.02834
 -8.2812500   -1.22830    1.52964    8.12823
 -8.2656250   -1.25378    1.58815    8.22988
 -8.2500000   -1.28215    1.64683    8.33572
 -8.2343750   -1.30805    1.70885    8.44146
 -8.2187500   -1.33706    1.77309    8.55150
 -8.2031250   -1.36550    1.83921    8.66347
 -8.1875000   -1.39723    1.90788    8.77509
 -8.1718750   -1.42500    1.97682    8.89106
 -8.1562500   -1.45736    2.04959    9.00910
 -8.1406250   -1.48598    2.12702    9.12699
 -8.1250000   -1.51644    2.20418    9.25000
 -8.1093750   -1.54830    2.28522    9.37090
 -8.0937500   -1.58002    2.36921    9.49835
 -8.0781250   -1.60957    2.45680    9.62585
 -8.0625000   -1.64135    2.54665    9.75498
 -8.0468750   -1.66954    2.64067    9.88520
 -8.0312500   -1.70256    2.73749   10.01996
 -8.0156250   -1.72969    2.83785   10.15580
 -8.0000000   -1.75874    2.94187   10.29329
 -7.9843750   -1.78821    3.05253   10.43086
 -7.9687500   -1.81645    3.16566   10.57512
 -7.9531250   -1.84150    3.28097   10.71827
 -7.9375000   -1.86825    3.40409   10.86402
 -7.9218750   -1.89350    3.53146   11.00978
 -7.9062500   -1.91620    3.66419   11.16107
 -7.8906250   -1.93989    3.79982   11.31246
 -7.8750000   -1.96047    3.94265   11.46682
 -7.8593750   -1.98100    4.09237   11.62223
 -7.8437500   -1.99759    4.24697   11.78062
 -7.8281250   -2.01485    4.40735   11.93913
 -7.8125000   -2.02977    4.57742   12.10291
 -7.7968750   -2.04236    4.75195   12.26470
 -7.7812500   -2.05393    4.93347   12.43282
 -7.7656250   -2.06226    5.12322   12.59875
 -7.7500000   -2.06688    5.32362   12.76805
 -7.7343750   -2.07345    5.52922   12.94113
 -7.7187500   -2.07341    5.74398   13.11439
 -7.7031250   -2.07314    5.97080   13.28971
 -7.6875000   -2.06797    6.20526   13.46457
 -7.6718750   -2.06214    6.44974   13.64549
 -7.6562500   -2.05071    6.70592   13.82393
 -7.6406250   -2.03825    6.97279   14.00617
 -7.6250000   -2.02169    7.25084   14.18767
 -7.6093750   -2.00009    7.54425   14.37380
 -7.5937500   -1.97619    7.84560   14.55823
 -7.5781250   -1.94809    8.16484   14.74423
 -7.5625000   -1.91503    8.49664   14.93023
 -7.5468750   -1.87932    8.84195   15.11671
 -7.5312500   -1.83608    9.20606   15.30418
 -7.5156250   -1.79107    9.58152   15.49101
 -7.5000000   -1.73929    9.97890   15.67844
 -7.4843750   -1.68196   10.39074   15.86196
 -7.4687500   -1.62038   10.82230   16.04922
 -7.4531250   -1.55388   11.27133   16.23054
 -7.4375000   -1.48177   11.73947   16.41338
 -7.4218750   -1.40589   12.22640   16.59423
 -7.4062500   -1.32682   12.73279   16.77599
 -7.3906250   -1.24279   13.25986   16.95259
 -7.3750000   -1.15582   13.80370   17.13080
 -7.3593750   -1.06748   14.37049   17.30403
 -7.3437500   -0.97300   14.95921   17.47799
 -7.3281250   -0.87860   15.56551   17.64605
 -7.3125000   -0.78068   16.19738   17.81228
 -7.2968750   -0.67908   16.85083   17.97372
 -7.2812500   -0.57891   17.52836   18.13036
 -7.2656250   -0.47241   18.22691   18.28050
 -7.2500000   -0.36694   18.95316   18.42389
 -7.2343750   -0.25828   19.70474   18.56023
 -7.2187500   -0.14726   20.48116   18.68513
 -7.2031250   -0.03530   21.28659   18.80000
 -7.1875000    0.07863   22.11861   18.90143
 -7.1718750    0.19473   22.97999   18.98937
 -7.1562500    0.31491   23.87052   19.06050
 -7.1406250    0.43610   24.79110   19.10995
 -7.1250000    0.55725   25.74404   19.13937
 -7.1093750    0.68694   26.73003   19.14576
 -7.0937500    0.81649   27.74584   19.12020
 -7.0781250    0.94761   28.79781   19.06717
 -7.0625000    1.08851   29.87835   18.97423
 -7.0468750    1.22767   30.99888   18.84772
 -7.0312500    1.37676   32.14862   18.67045
 -7.0156250    1.52699   33.33310   18.44755
 -7.0000000    1.68779   34.55076   18.17177
 -6.9843750    1.85145   35.80133   17.83095
 -6.9687500    2.02337   37.07957   17.42895
 -6.9531250    2.20836   38.39202   16.95986
 -6.9375000    2.40435   39.73197   16.42106
 -6.9218750    2.61213   41.10022   15.80696
 -6.9062500    2.83954   42.49542   15.11764
 -6.8906250    3.08426   43.90754   14.35164
 -6.8750000    3.34846   45.34291   13.49572
 -6.8593750    3.63705   46.78311   12.55366
 -6.8437500    3.94838   48.23090   11.51784
 -6.8281250    4.28515   49.67363   10.38533
 -6.8125000    4.64680   51.10227    9.15352
 -6.7968750    5.03741   52.50536    7.81371
 -6.7812500    5.45426   53.86937    6.36916
 -6.7656250    5.90120   55.17835    4.81413
 -6.7500000    6.37266   56.41945    3.15053
 -6.7343750    6.87436   57.57562    1.38156
 -6.7187500    7.39680   58.62482   -0.50148
 -6.7031250    7.94118   59.56594   -2.49396
 -6.6875000    8.50365   60.38068   -4.59638
 -6.6718750    9.07678   61.05851   -6.80885
 -6.6562500    9.65914   61.58686   -9.12696
 -6.6406250   10.23801   61.95613  -11.53536
 -6.6250000   10.81625   62.15044  -14.02738
 -6.6093750   11.37826   62.16147  -16.58023
 -6.5937500   11.92261   61.98446  -19.18353
 -6.5781250   12.44011   61.61467  -21.80792
 -6.5625000   12.92300   61.04882  -24.43003
 -6.5468750   13.36351   60.28950  -27.02359
 -6.5312500   13.75673   59.33535  -29.56364
 -6.5156250   14.09623   58.17499  -32.02287
 -6.5000000   14.38034   56.80478  -34.38178
 -6.4843750   14.60161   55.21955  -36.61556
 -6.4687500   14.75926   53.43053  -38.70009
 -6.4531250   14.85575   51.43921  -40.62447
 -6.4375000   14.88266   49.26012  -42.36599
 -6.4218750   14.84539   46.90343  -43.91681
 -6.4062500   14.74676   44.39680  -45.26876
 -6.3906250   14.58802   41.75710  -46.41331
 -6.3750000   14.37416   39.01551  -47.35095
 -6.3593750   14.10815   36.19889  -48.08587
 -6.3437500   13.79752   33.32390  -48.61927
 -6.3281250   13.44878   30.42740  -48.96806
 -6.3125000   13.06531   27.51631  -49.13977
 -6.2968750   12.65496   24.62224  -49.15278
 -6.2812500   12.22577   21.75653  -49.02824
 -6.2656250   11.78408   18.93384  -48.77983
 -6.2500000   11.33324   16.16824  -48.43357
 -6.2343750   10.88299   13.46635  -48.01089
 -6.2187500   10.43512   10.84049  -47.52418
 -6.2031250    9.99467    8.30071  -46.98142
 -6.1875000    9.56042    5.85275  -46.39723
 -6.1718750    9.13736    3.50281  -45.77096
 -6.1562500    8.72727    1.25735  -45.11181
 -6.1406250    8.32509   -0.87969  -44.42794
 -6.1250000    7.93951   -2.91122  -43.72369
 -6.1093750    7.56495   -4.83468  -43.00064
 -6.0937500    7.20541   -6.64984  -42.26557
 -6.0781250    6.85827   -8.35800  -41.51917
 -6.0625000    6.52411   -9.96289  -40.76210
 -6.0468750    6.20077  -11.46597  -39.99395
 -6.0312500    5.88681  -12.86819  -39.21715
 -6.0156250    5.58460  -14.17476  -38.42972
 -6.0000000    5.29101  -15.38738  -37.62725
 -5.9843750    5.00415  -16.50925  -36.80702
 -5.9687500    4.71979  -17.54304  -35.97235
 -5.9531250    4.44557  -18.49849  -35.12464
 -5.9375000    4.17604  -19.37318  -34.26928
 -5.9218750    3.91497  -20.17595  -33.40962
 -5.9062500    3.66012  -20.91155  -32.55019
 -5.8906250    3.41197  -21.57882  -31.68890
 -5.8750000    3.16782  -22.19156  -30.83377
 -5.8593750    2.93547  -22.74170  -29.98095
 -5.8437500    2.70631  -23.24370  -29.13856
 -5.8281250    2.48554  -23.69408  -28.30383
 -5.8125000    2.27035  -24.09522  -27.47480
 -5.7968750    2.06179  -24.45853  -26.66206
 -5.7812500    1.85918  -24.77525  -25.85751
 -5.7656250    1.66375  -25.05909  -25.06522
 -5.7500000    1.47361  -25.30414  -24.28855
 -5.7343750    1.29078  -25.51710  -23.52107
 -5.7187500    1.11116  -25.69897  -22.76996
 -5.7031250    0.93936  -25.85075  -22.03471
 -5.6875000    0.77268  -25.97689  -21.31112
 -5.6718750    0.61378  -26.07555  -20.60405
 -5.6562500    0.45526  -26.15092  -19.91024
 -5.6406250    0.30642  -26.20678  -19.23356
 -5.6250000    0.16404  -26.23640  -18.57072
 -5.6093750    0.02315  -26.25092  -17.92565
 -5.5937500   -0.11057  -26.24619  -17.29470
 -5.5781250   -0.23957  -26.22182  -16.67880
 -5.5625000   -0.35993  -26.18115  -16.08127
 -5.5468750   -0.47865  -26.12833  -15.49822
 -5.5312500   -0.59221  -26.05919  -14.92962
 -5.5156250   -0.69710  -25.97527  -14.38115
 -5.5000000   -0.79998  -25.87833  -13.84773
 -5.4843750   -0.89463  -25.77330  -13.32816
 -5.4687500   -0.98608  -25.65032  -12.82953
 -5.4531250   -1.07101  -25.52228  -12.34382
 -5.4375000   -1.15204  -25.38157  -11.87454
 -5.4218750   -1.22686  -25.23025  -11.41867
 -5.4062500   -1.29845  -25.07393  -10.98007
 -5.3906250   -1.36540  -24.90506  -10.55313
 -5.3750000   -1.42733  -24.73128  -10.14241
 -5.3593750   -1.48610  -24.54907   -9.74141
 -5.3437500   -1.53953  -24.36254   -9.35716
 -5.3281250   -1.59154  -24.16664   -8.98275
 -5.3125000   -1.63761  -23.96714   -8.62076
 -5.2968750   -1.68170  -23.76136   -8.27113
 -5.2812500   -1.72168  -23.55055   -7.93315
 -5.2656250   -1.75934  -23.33464   -7.60526
 -5.2500000   -1.79330  -23.11811   -7.28995
 -5.2343750   -1.82348  -22.89257   -6.98229
 -5.2187500   -1.85290  -22.66618   -6.68614
 -5.2031250   -1.87700  -22.43563   -6.40003
 -5.1875000   -1.90002  -22.20262   -6.12303
 -5.1718750   -1.92094  -21.96873   -5.85485
 -5.1562500   -1.93925  -21.72975   -5.59798
 -5.1406250   -1.95461  -21.48782   -5.34715
 -5.1250000   -1.96693  -21.24725   -5.10502
 -5.1093750   -1.97781  -21.00297   -4.87224
 -5.0937500   -1.98997  -20.75666   -4.64618
 -5.0781250   -1.99519  -20.51051   -4.43108
 -5.0625000   -2.00012  -20.26293   -4.21854
 -5.0468750   -2.00500  -20.01345   -4.01583
 -5.0312500   -2.00610  -19.76405   -3.82224
 -5.0156250   -2.00668  -19.51352   -3.63137
 -5.0000000   -2.00651  -19.26354   -3.45101
 -4.9843750   -2.00230  -19.01189   -3.27401
 -4.9687500   -2.00022  -18.76251   -3.10405
 -4.9531250   -1.99266  -18.51096   -2.94265
 -4.9375000   -1.98618  -18.26204   -2.78428
 -4.9218750   -1.97971  -18.01019   -2.63252
 -4.9062500   -1.96952  -17.76063   -2.48697
 -4.8906250   -1.95996  -17.51154   -2.34750
 -4.8750000   -1.94898  -17.26529   -2.21103
 -4.8593750   -1.93737  -17.01534   -2.08135
 -4.8437500   -1.92480  -16.77143   -1.95757
 -4.8281250   -1.90923  -16.52674   -1.83643
 -4.8125000   -1.89625  -16.28173   -1.72152
 -4.7968750   -1.88128  -16.03975   -1.61118
 -4.7812500   -1.86486  -15.79780   -1.50615
 -4.7656250   -1.84760  -15.56078   -1.40222
 -4.7500000   -1.83329  -15.32199   -1.30454
 -4.7343750   -1.81226  -15.08740   -1.21344
 -4.7187500   -1.79724  -14.85192   -1.12405
 -4.7031250   -1.77671  -14.62188   -1.03776
 -4.6875000   -1.75971  -14.39280   -0.95810
 -4.6718750   -1.73910  -14.16592   -0.87866
 -4.6562500   -1.72103  -13.93853   -0.80500
 -4.6406250   -1.70126  -13.71916   -0.73452
 -4.6250000   -1.68154  -13.49784   -0.66905
 -4.6093750   -1.66103  -13.28169   -0.60452
 -4.5937500   -1.64181  -13.06751   -0.54613
 -4.5781250   -1.62156  -12.85504   -0.48682
 -4.5625000   -1.60132  -12.64766   -0.43518
 -4.5468750   -1.58214  -12.44268   -0.38297
 -4.5312500   -1.56171  -12.23870   -0.33654
 -4.5156250   -1.54222  -12.03961   -0.29195
 -4.5000000   -1.52341  -11.84699   -0.25100
 -4.4843750   -1.50209  -11.65173   -0.21076
 -4.4687500   -1.48475  -11.46456   -0.17559
 -4.4531250   -1.46486  -11.27837   -0.14071
 -4.4375000   -1.44653  -11.09887   -0.11314
 -4.4218750   -1.42876  -10.91964   -0.08148
 -4.4062500   -1.41030  -10.74699   -0.05946
 -4.3906250   -1.39352  -10.57758   -0.03349
 -4.3750000   -1.37798  -10.41104   -0.01416
 -4.3593750   -1.35925  -10.24973    0.00446
 -4.3437500   -1.34412  -10.09189    0.02038
 -4.3281250   -1.32858   -9.94028    0.03331
 -4.3125000   -1.31430   -9.78774    0.04464
 -4.2968750   -1.29911   -9.64493    0.05621
 -4.2812500   -1.28439   -9.50040    0.06229
 -4.2656250   -1.27234   -9.36379    0.06899
 -4.2500000   -1.25829   -9.22981    0.07044
 -4.2343750   -1.24462   -9.09717    0.07579
 -4.2187500   -1.23368   -8.97072    0.07314
 -4.2031250   -1.22097   -8.84733    0.07311
 -4.1875000   -1.20955   -8.72678    0.07040
 -4.1718750   -1.19760   -8.61009    0.06470
 -4.1562500   -1.18737   -8.49459    0.06045
 -4.1406250   -1.17765   -8.38687    0.05292
 -4.1250000   -1.16713   -8.27918    0.04298
 -4.1093750   -1.15700   -8.17472    0.03327
 -4.0937500   -1.14747   -8.07495    0.02362
 -4.0781250   -1.13848   -7.97658    0.01114
 -4.0625000   -1.12917   -7.88195   -0.00404
 -4.0468750   -1.12259   -7.79109   -0.01717
 -4.0312500   -1.11320   -7.70095   -0.03178
 -4.0156250   -1.10543   -7.61692   -0.04843
 -4.0000000   -1.09843   -7.53256   -0.06596
 -3.9843750   -1.09078   -7.45218   -0.08419
 -3.9687500   -1.08282   -7.37423   -0.10222
 -3.9531250   -1.07779   -7.30074   -0.12227
 -3.9375000   -1.07000   -7.22811   -0.14132
 -3.9218750   -1.06301   -7.15654   -0.16272
 -3.9062500   -1.05907   -7.08976   -0.18427
 -3.8906250   -1.05147   -7.02461   -0.20480
 -3.8750000   -1.04680   -6.96209   -0.22696
 -3.8593750   -1.04185   -6.90233   -0.25076
 -3.8437500   -1.03519   -6.84415   -0.27266
 -3.8281250   -1.02954   -6.78769   -0.29518
 -3.8125000   -1.02598   -6.73416   -0.31978
 -3.7968750   -1.02000   -6.68157   -0.34391
 -3.7812500   -1.01597   -6.63229   -0.36637
 -3.7656250   -1.01172   -6.58527   -0.38986
 -3.7500000   -1.00597   -6.53931   -0.41454
 -3.7343750   -1.00132   -6.49543   -0.43818
 -3.7187500   -0.99797   -6.45195   -0.46280
 -3.7031250   -0.99440   -6.41328   -0.48543
 -3.6875000   -0.98926   -6.37400   -0.51032
 -3.6718750   -0.98399   -6.33732   -0.53239
 -3.6562500   -0.98017   -6.30234   -0.55701
 -3.6406250   -0.97752   -6.26790   -0.57989
 -3.6250000   -0.97248   -6.23535   -0.60203
 -3.6093750   -0.96842   -6.20491   -0.62474
 -3.5937500   -0.96440   -6.17549   -0.64614
 -3.5781250   -0.95933   -6.14795   -0.66911
 -3.5625000   -0.95556   -6.11940   -0.68763
 -3.5468750   -0.95179   -6.09545   -0.71118
 -3.5312500   -0.94590   -6.07080   -0.72822
 -3.5156250   -0.94261   -6.04817   -0.74953
 -3.5000000   -0.93928   -6.02379   -0.76862
 -3.4843750   -0.93169   -6.00433   -0.78434
 -3.4687500   -0.92970   -5.98349   -0.80368
 -3.4531250   -0.92271   -5.96533   -0.82002
 -3.4375000   -0.91907   -5.94676   -0.83521
 -3.4218750   -0.91367   -5.92892   -0.84970
 -3.4062500   -0.90828   -5.91286   -0.86380
 -3.3906250   -0.90207   -5.89468   -0.87828
 -3.3750000   -0.89630   -5.88200   -0.88857
 -3.3593750   -0.89086   -5.86616   -0.89867
 -3.3437500   -0.88376   -5.85239   -0.91176
 -3.3281250   -0.87924   -5.83893   -0.91784
 -3.3125000   -0.87187   -5.82565   -0.92681
 -3.2968750   -0.86562   -5.81272   -0.93350
 -3.2812500   -0.85661   -5.80046   -0.93764
 -3.2656250   -0.85035   -5.78981   -0.94181
 -3.2500000   -0.84259   -5.77743   -0.94514
 -3.2343750   -0.83510   -5.76643   -0.94805
 -3.2187500   -0.82666   -5.75411   -0.94618
 -3.2031250   -0.81670   -5.74572   -0.94622
 -3.1875000   -0.81133   -5.73450   -0.94403
 -3.1718750   -0.79878   -5.72367   -0.94140
 -3.1562500   -0.79290   -5.71474   -0.93731
 -3.1406250   -0.78210   -5.70525   -0.93254
 -3.1250000   -0.77349   -5.69534   -0.92514
 -3.1093750   -0.76408   -5.68823   -0.91955
 -3.0937500   -0.75375   -5.67850   -0.91210
 -3.0781250   -0.74491   -5.67139   -0.90139
 -3.0625000   -0.73599   -5.66267   -0.89148
 -3.0468750   -0.72377   -5.65457   -0.88404
 -3.0312500   -0.71512   -5.64827   -0.86912
 -3.0156250   -0.70561   -5.64041   -0.85963
 -3.0000000   -0.69485   -5.63415   -0.84513
 -2.9843750   -0.68514   -5.62733   -0.83265
 -2.9687500   -0.67461   -5.62014   -0.81803
 -2.9531250   -0.66624   -5.61595   -0.80237
 -2.9375000   -0.65540   -5.61019   -0.78874
 -2.9218750   -0.64455   -5.60482   -0.77064
 -2.9062500   -0.63691   -5.59986   -0.75559
 -2.8906250   -0.62482   -5.59350   -0.73823
 -2.8750000   -0.61683   -5.59112   -0.72049
 -2.8593750   -0.60661   -5.58612   -0.70342
 -2.8437500   -0.59706   -5.58252   -0.68373
 -2.8281250   -0.58740   -5.57846   -0.66570
 -2.8125000   -0.57880   -5.57500   -0.64608
 -2.7968750   -0.57084   -5.57243   -0.62611
 -2.7812500   -0.56025   -5.57142   -0.60887
 -2.7656250   -0.55258   -5.56751   -0.58747
 -2.7500000   -0.54372   -5.56610   -0.56722
 -2.7343750   -0.53652   -5.56333   -0.54637
 -2.7187500   -0.52783   -5.56341   -0.52603
 -2.7031250   -0.52070   -5.56276   -0.50692
 -2.6875000   -0.51231   -5.56032   -0.48456
 -2.6718750   -0.50755   -5.56183   -0.46455
 -2.6562500   -0.49794   -5.56171   -0.44462
 -2.6406250   -0.49335   -5.56193   -0.42231
 -2.6250000   -0.48817   -5.56361   -0.40209
 -2.6093750   -0.48000   -5.56353   -0.38100
 -2.5937500   -0.47670   -5.56595   -0.36187
 -2.5781250   -0.47078   -5.56693   -0.34026
 -2.5625000   -0.46714   -5.57166   -0.32038
 -2.5468750   -0.46193   -5.57432   -0.29940
 -2.5312500   -0.46022   -5.57606   -0.28115
 -2.5156250   -0.45550   -5.58155   -0.25929
 -2.5000000   -0.45316   -5.58510   -0.24149
 -2.4843750   -0.45141   -5.58900   -0.22307
 -2.4687500   -0.45073   -5.59670   -0.20180
 -2.4531250   -0.44784   -5.60209   -0.18563
 -2.4375000   -0.44758   -5.60648   -0.16761
 -2.4218750   -0.44975   -5.61568   -0.14766
 -2.4062500   -0.44854   -5.62277   -0.13273
 -2.3906250   -0.45061   -5.62973   -0.11587
 -2.3750000   -0.45286   -5.63927   -0.09798
 -2.3593750   -0.45492   -5.64975   -0.08373
 -2.3437500   -0.45805   -5.65702   -0.06767
 -2.3281250   -0.46224   -5.67096   -0.05389
 -2.3125000   -0.46643   -5.68148   -0.04010
 -2.2968750   -0.47286   -5.69260   -0.02511
 -2.2812500   -0.47996   -5.70591   -0.01270
 -2.2656250   -0.48459   -5.71920   -0.00250
 -2.2500000   -0.49434   -5.73441    0.01117
 -2.2343750   -0.50100   -5.74949    0.02065
 -2.2187500   -0.51349   -5.76712    0.03119
 -2.2031250   -0.52024   -5.78125    0.04094
 -2.1875000   -0.53322   -5.80245    0.04951
 -2.1718750   -0.54617   -5.81894    0.05609
 -2.1562500   -0.55916   -5.84015    0.06409
 -2.1406250   -0.57067   -5.86092    0.07011
 -2.1250000   -0.58763   -5.88209    0.07509
 -2.1093750   -0.60324   -5.90529    0.08042
 -2.0937500   -0.61832   -5.93110    0.08552
 -2.0781250   -0.63581   -5.95309    0.08626
 -2.0625000   -0.65540   -5.98110    0.09149
 -2.0468750   -0.67159   -6.00667    0.09346
 -2.0312500   -0.69208   -6.03476    0.09479
 -2.0156250   -0.71064   -6.06247    0.09485
 -2.0000000   -0.73060   -6.09202    0.09597
 -1.9843750   -0.75309   -6.12339    0.09696
 -1.9687500   -0.77261   -6.15406    0.09721
 -1.9531250   -0.79552   -6.18550    0.09483
 -1.9375000   -0.81572   -6.22089    0.09618
 -1.9218750   -0.83873   -6.25345    0.09280
 -1.9062500   -0.86229   -6.28871    0.09386
 -1.8906250   -0.88315   -6.32578    0.08987
 -1.8750000   -0.90812   -6.36222    0.08922
 -1.8593750   -0.93157   -6.40102    0.08692
 -1.8437500   -0.95346   -6.43837    0.08658
 -1.8281250   -0.97840   -6.48151    0.08293
 -1.8125000   -1.00114   -6.52067    0.08251
 -1.7968750   -1.02580   -6.56420    0.08176
 -1.7812500   -1.04928   -6.60710    0.07844
 -1.7656250   -1.07280   -6.65251    0.07992
 -1.7500000   -1.09835   -6.70007    0.07654
 -1.7343750   -1.11973   -6.74541    0.07774
 -1.7187500   -1.14650   -6.79615    0.07746
 -1.7031250   -1.16806   -6.84558    0.08023
 -1.6875000   -1.19295   -6.89589    0.07963
 -1.6718750   -1.21699   -6.95144    0.08318
 -1.6562500   -1.23892   -7.00446    0.08652
 -1.6406250   -1.26348   -7.06216    0.09036
 -1.6250000   -1.28720   -7.11938    0.09656
 -1.6093750   -1.30876   -7.17999    0.10104
 -1.5937500   -1.33175   -7.24086    0.11194
 -1.5781250   -1.35423   -7.30509    0.11834
 -1.5625000   -1.37706   -7.37138    0.13069
 -1.5468750   -1.39924   -7.43829    0.14266
 -1.5312500   -1.42175   -7.50819    0.15702
 -1.5156250   -1.44329   -7.58194    0.17446
 -1.5000000   -1.46318   -7.65584    0.19062
 -1.4843750   -1.48681   -7.73320    0.21379
 -1.4687500   -1.50630   -7.81473    0.23527
 -1.4531250   -1.52631   -7.89509    0.26297
 -1.4375000   -1.54998   -7.98453    0.29034
 -1.4218750   -1.56724   -8.07009    0.32236
 -1.4062500   -1.58811   -8.16422    0.35784
 -1.3906250   -1.60949   -8.25848    0.39622
 -1.3750000   -1.62768   -8.35772    0.43911
 -1.3593750   -1.64829   -8.46101    0.48404
 -1.3437500   -1.66816   -8.56851    0.53512
 -1.3281250   -1.68776   -8.67674    0.59079
 -1.3125000   -1.70541   -8.79220    0.65040
 -1.2968750   -1.72761   -8.91155    0.71652
 -1.2812500   -1.74638   -9.03622    0.78556
 -1.2656250   -1.76565   -9.16543    0.86332
 -1.2500000   -1.78500   -9.29691    0.94494
 -1.2343750   -1.80716   -9.43825    1.03408
 -1.2187500   -1.82546   -9.58422    1.13138
 -1.2031250   -1.84726   -9.73289    1.23561
 -1.1875000   -1.86754   -9.89088    1.34606
 -1.1718750   -1.89115  -10.05558    1.46740
 -1.1562500   -1.91260  -10.22624    1.59572
 -1.1406250   -1.93694  -10.40627    1.73627
 -1.1250000   -1.96076  -10.58977    1.88471
 -1.1093750   -1.98503  -10.78486    2.04441
 -1.0937500   -2.01284  -10.98690    2.21778
 -1.0781250   -2.03966  -11.19900    2.40294
 -1.0625000   -2.07049  -11.41865    2.59838
 -1.0468750   -2.10161  -11.65082    2.80957
 -1.0312500   -2.13361  -11.89095    3.03690
 -1.0156250   -2.16948  -12.13764    3.27321
 -1.0000000   -2.20663  -12.39892    3.52283
 -0.9843750   -2.24777  -12.66241    3.78586
 -0.9687500   -2.29245  -12.94002    4.05912
 -0.9531250   -2.34068  -13.22170    4.34193
 -0.9375000   -2.39077  -13.51385    4.63734
 -0.9218750   -2.44697  -13.81268    4.94520
 -0.9062500   -2.51028  -14.11921    5.26083
 -0.8906250   -2.57332  -14.43310    5.59043
 -0.8750000   -2.64745  -14.75746    5.93022
 -0.8593750   -2.72627  -15.08544    6.28222
 -0.8437500   -2.80966  -15.42076    6.64659
 -0.8281250   -2.90458  -15.76716    7.02613
 -0.8125000   -3.00541  -16.11851    7.42007
 -0.7968750   -3.11511  -16.47495    7.83199
 -0.7812500   -3.23584  -16.84338    8.25825
 -0.7656250   -3.36533  -17.21604    8.70952
 -0.7500000   -3.50951  -17.59697    9.18000
 -0.7343750   -3.66342  -17.98548    9.67939
 -0.7187500   -3.83155  -18.38131   10.20197
 -0.7031250   -4.01354  -18.78270   10.76412
 -0.6875000   -4.21284  -19.19419   11.35785
 -0.6718750   -4.42928  -19.60964   11.99601
 -0.6562500   -4.66355  -20.03282   12.67886
 -0.6406250   -4.91855  -20.46191   13.41944
 -0.6250000   -5.19501  -20.89691   14.21774
 -0.6093750   -5.49652  -21.33321   15.08603
 -0.5937500   -5.82376  -21.77188   16.03223
 -0.5781250   -6.17559  -22.21348   17.06738
 -0.5625000   -6.56166  -22.64968   18.20389
 -0.5468750   -6.97696  -23.08050   19.45132
 -0.5312500   -7.42144  -23.52470   20.81220
 -0.5156250   -7.89423  -23.98777   22.28690
 -0.5000000   -8.38999  -24.48424   23.87952
 -0.4843750   -8.91100  -25.02764   25.59790
 -0.4687500   -9.44616  -25.62446   27.44850
 -0.4531250  -10.00527  -26.27289   29.44201
 -0.4375000  -10.57399  -26.98353   31.59526
 -0.4218750  -11.16093  -27.74463   33.92369
 -0.4062500  -11.75453  -28.54759   36.44627
 -0.3906250  -12.35920  -29.37456   39.19116
 -0.3750000  -12.96417  -30.19700   42.18255
 -0.3593750  -13.57022  -30.97542   45.45034
 -0.3437500  -14.16933  -31.65549   49.02565
 -0.3281250  -14.75037  -32.16738   52.93480
 -0.3125000  -15.30090  -32.41798   57.21301
 -0.2968750  -15.81507  -32.29376   61.89259
 -0.2812500  -16.31566  -31.68802   67.09391
 -0.2656250  -16.82430  -30.46142   72.93739
 -0.2500000  -17.36062  -28.44792   79.50129
 -0.2343750  -17.92195  -25.44017   86.81976
 -0.2187500  -18.48825  -21.20958   94.85892
 -0.2031250  -19.03018  -15.51406  103.48864
 -0.1875000  -19.48794   -8.12258  112.47309
 -0.1718750  -19.79167    1.14744  121.43563
 -0.1562500  -19.85938   12.37087  129.86923
 -0.1406250  -19.60282   25.44982  137.13587
 -0.1250000  -18.96893   40.04577  142.52598
 -0.1093750  -17.89809   55.58068  145.30404
 -0.0937500  -16.30000   71.43067  144.69654
 -0.0781250  -14.13064   86.77600  140.16141
 -0.0625000  -11.43421  100.66425  131.55409
 -0.0468750   -8.34200  112.19979  119.17477
 -0.0312500   -5.01454  120.71530  103.71008
 -0.0156250   -1.61931  125.92244   86.11717
  0.0000000    1.73404  127.95187   67.42425
