-10.0000000  105.56535   86.50127 -487.53464  -24.55634  -75.31009   71.83147
 -9.9921875  105.37334   85.91277 -486.97266  -24.59768  -75.34682   72.03447
 -9.9843750  105.18101   85.32397 -486.40910  -24.63890  -75.38351   72.23726
 -9.9765625  104.98836   84.73490 -485.84396  -24.68000  -75.42014   72.43987
 -9.9687500  104.79539   84.14554 -485.27723  -24.72099  -75.45672   72.64231
 -9.9609375  104.60209   83.55589 -484.70892  -24.76188  -75.49324   72.84462
 -9.9531250  104.40848   82.96595 -484.13903  -24.80267  -75.52970   73.04681
 -9.9453125  104.21455   82.37574 -483.56757  -24.84338  -75.56609   73.24891
 -9.9375000  104.02030   81.78523 -482.99452  -24.88400  -75.60242   73.45093
 -9.9296875  103.82574   81.19445 -482.41990  -24.92454  -75.63867   73.65291
 -9.9218750  103.63086   80.60338 -481.84369  -24.96502  -75.67484   73.85485
 -9.9140625  103.43566   80.01203 -481.26591  -25.00543  -75.71093   74.05679
 -9.9062500  103.24015   79.42040 -480.68656  -25.04578  -75.74694   74.25874
 -9.8984375  103.04432   78.82848 -480.10562  -25.08608  -75.78286   74.46073
 -9.8906250  102.84818   78.23629 -479.52311  -25.12634  -75.81869   74.66278
 -9.8828125  102.65172   77.64382 -478.93901  -25.16655  -75.85443   74.86490
 -9.8750000  102.45495   77.05106 -478.35334  -25.20673  -75.89007   75.06712
 -9.8671875  102.25787   76.45803 -477.76609  -25.24689  -75.92560   75.26945
 -9.8593750  102.06047   75.86473 -477.17726  -25.28702  -75.96103   75.47192
 -9.8515625  101.86276   75.27114 -476.58684  -25.32714  -75.99636   75.67455
 -9.8437500  101.66473   74.67728 -475.99484  -25.36724  -76.03156   75.87735
 -9.8359375  101.46639   74.08315 -475.40126  -25.40734  -76.06666   76.08035
 -9.8281250  101.26774   73.48874 -474.80609  -25.44744  -76.10163   76.28357
 -9.8203125  101.06878   72.89406 -474.20933  -25.48754  -76.13648   76.48701
 -9.8125000  100.86950   72.29911 -473.61098  -25.52766  -76.17121   76.69071
 -9.8046875  100.66991   71.70389 -473.01103  -25.56779  -76.20580   76.89468
 -9.7968750  100.47000   71.10840 -472.40950  -25.60794  -76.24026   77.09893
 -9.7890625  100.26978   70.51263 -471.80636  -25.64812  -76.27459   77.30349
 -9.7812500  100.06925   69.91661 -471.20163  -25.68832  -76.30877   77.50837
 -9.7734375   99.86840   69.32031 -470.59529  -25.72857  -76.34281   77.71360
 -9.7656250   99.66724   68.72375 -469.98735  -25.76885  -76.37670   77.91918
 -9.7578125   99.46577   68.12692 -469.37780  -25.80918  -76.41044   78.12514
 -9.7500000   99.26397   67.52984 -468.76665  -25.84956  -76.44403   78.33149
 -9.7421875   99.06187   66.93249 -468.15387  -25.89000  -76.47746   78.53824
 -9.7343750   98.85944   66.33488 -467.53948  -25.93049  -76.51072   78.74542
 -9.7265625   98.65670   65.73701 -466.92347  -25.97105  -76.54382   78.95305
 -9.7187500   98.45365   65.13888 -466.30584  -26.01167  -76.57676   79.16113
 -9.7109375   98.25027   64.54050 -465.68658  -26.05237  -76.60952   79.36968
 -9.7031250   98.04658   63.94186 -465.06569  -26.09315  -76.64211   79.57872
 -9.6953125   97.84256   63.34296 -464.44316  -26.13400  -76.67451   79.78826
 -9.6875000   97.63823   62.74382 -463.81900  -26.17494  -76.70674   79.99832
 -9.6796875   97.43358   62.14442 -463.19319  -26.21597  -76.73878   80.20891
 -9.6718750   97.22861   61.54477 -462.56573  -26.25709  -76.77063   80.42005
 -9.6640625   97.02331   60.94488 -461.93662  -26.29830  -76.80229   80.63176
 -9.6562500   96.81770   60.34474 -461.30586  -26.33962  -76.83375   80.84404
 -9.6484375   96.61176   59.74435 -460.67343  -26.38104  -76.86501   81.05691
 -9.6406250   96.40549   59.14372 -460.03934  -26.42257  -76.89607   81.27038
 -9.6328125   96.19890   58.54285 -459.40358  -26.46421  -76.92693   81.48447
 -9.6250000   95.99199   57.94174 -458.76615  -26.50596  -76.95757   81.69919
 -9.6171875   95.78475   57.34039 -458.12703  -26.54783  -76.98800   81.91456
 -9.6093750   95.57718   56.73880 -457.48623  -26.58982  -77.01822   82.13058
 -9.6015625   95.36928   56.13698 -456.84374  -26.63194  -77.04821   82.34727
 -9.5937500   95.16105   55.53493 -456.19955  -26.67418  -77.07798   82.56464
 -9.5859375   94.95250   54.93264 -455.55366  -26.71656  -77.10753   82.78271
 -9.5781250   94.74361   54.33012 -454.90607  -26.75907  -77.13684   83.00149
 -9.5703125   94.53439   53.72738 -454.25676  -26.80171  -77.16592   83.22098
 -9.5625000   94.32483   53.12441 -453.60574  -26.84450  -77.19476   83.44120
 -9.5546875   94.11494   52.52121 -452.95299  -26.88742  -77.22336   83.66216
 -9.5468750   93.90471   51.91779 -452.29852  -26.93049  -77.25172   83.88388
 -9.5390625   93.69415   51.31415 -451.64231  -26.97371  -77.27983   84.10636
 -9.5312500   93.48325   50.71029 -450.98435  -27.01708  -77.30769   84.32961
 -9.5234375   93.27201   50.10622 -450.32465  -27.06060  -77.33529   84.55364
 -9.5156250   93.06043   49.50193 -449.66320  -27.10428  -77.36264   84.77848
 -9.5078125   92.84850   48.89743 -448.99999  -27.14811  -77.38972   85.00411
 -9.5000000   92.63624   48.29272 -448.33501  -27.19210  -77.41654   85.23057
 -9.4921875   92.42363   47.68780 -447.66826  -27.23626  -77.44309   85.45784
 -9.4843750   92.21067   47.08267 -446.99973  -27.28057  -77.46937   85.68596
 -9.4765625   91.99737   46.47734 -446.32941  -27.32506  -77.49537   85.91491
 -9.4687500   91.78372   45.87181 -445.65730  -27.36971  -77.52110   86.14472
 -9.4609375   91.56972   45.26607 -444.98340  -27.41453  -77.54654   86.37539
 -9.4531250   91.35536   44.66014 -444.30769  -27.45952  -77.57170   86.60693
 -9.4453125   91.14066   44.05402 -443.63016  -27.50469  -77.59656   86.83935
 -9.4375000   90.92560   43.44770 -442.95082  -27.55003  -77.62114   87.07266
 -9.4296875   90.71019   42.84119 -442.26965  -27.59555  -77.64542   87.30686
 -9.4218750   90.49442   42.23449 -441.58665  -27.64124  -77.66939   87.54196
 -9.4140625   90.27830   41.62760 -440.90180  -27.68712  -77.69307   87.77798
 -9.4062500   90.06181   41.02053 -440.21511  -27.73317  -77.71644   88.01492
 -9.3984375   89.84496   40.41328 -439.52657  -27.77941  -77.73949   88.25278
 -9.3906250   89.62776   39.80586 -438.83616  -27.82583  -77.76223   88.49157
 -9.3828125   89.41019   39.19825 -438.14389  -27.87244  -77.78466   88.73130
 -9.3750000   89.19225   38.59047 -437.44973  -27.91923  -77.80676   88.97198
 -9.3671875   88.97395   37.98252 -436.75370  -27.96620  -77.82854   89.21361
 -9.3593750   88.75528   37.37440 -436.05577  -28.01337  -77.84999   89.45620
 -9.3515625   88.53624   36.76611 -435.35594  -28.06072  -77.87111   89.69976
 -9.3437500   88.31683   36.15767 -434.65421  -28.10826  -77.89189   89.94429
 -9.3359375   88.09705   35.54905 -433.95056  -28.15599  -77.91234   90.18979
 -9.3281250   87.87689   34.94029 -433.24499  -28.20391  -77.93244   90.43628
 -9.3203125   87.65636   34.33136 -432.53749  -28.25202  -77.95219   90.68375
 -9.3125000   87.43545   33.72228 -431.82805  -28.30032  -77.97159   90.93222
 -9.3046875   87.21417   33.11306 -431.11667  -28.34882  -77.99064   91.18168
 -9.2968750   86.99250   32.50368 -430.40334  -28.39750  -78.00933   91.43215
 -9.2890625   86.77045   31.89416 -429.68804  -28.44638  -78.02766   91.68362
 -9.2812500   86.54803   31.28450 -428.97078  -28.49545  -78.04563   91.93610
 -9.2734375   86.32521   30.67470 -428.25154  -28.54472  -78.06322   92.18960
 -9.2656250   86.10201   30.06476 -427.53031  -28.59417  -78.08045   92.44412
 -9.2578125   85.87843   29.45469 -426.80709  -28.64382  -78.09729   92.69965
 -9.2500000   85.65445   28.84449 -426.08188  -28.69366  -78.11376   92.95622
 -9.2421875   85.43009   28.23417 -425.35465  -28.74369  -78.12984   93.21381
 -9.2343750   85.20533   27.62372 -424.62541  -28.79391  -78.14553   93.47244
 -9.2265625   84.98018   27.01314 -423.89414  -28.84433  -78.16084   93.73210
 -9.2187500   84.75464   26.40245 -423.16084  -28.89493  -78.17574   93.99280
 -9.2109375   84.52870   25.79165 -422.42550  -28.94573  -78.19025   94.25454
 -9.2031250   84.30236   25.18073 -421.68811  -28.99672  -78.20435   94.51733
 -9.1953125   84.07563   24.56971 -420.94867  -29.04789  -78.21805   94.78116
 -9.1875000   83.84849   23.95858 -420.20715  -29.09925  -78.23133   95.04603
 -9.1796875   83.62095   23.34734 -419.46357  -29.15080  -78.24420   95.31196
 -9.1718750   83.39301   22.73601 -418.71790  -29.20254  -78.25665   95.57893
 -9.1640625   83.16466   22.12458 -417.97014  -29.25447  -78.26867   95.84696
 -9.1562500   82.93590   21.51307 -417.22029  -29.30657  -78.28027   96.11604
 -9.1484375   82.70674   20.90146 -416.46833  -29.35887  -78.29143   96.38618
 -9.1406250   82.47717   20.28976 -415.71425  -29.41134  -78.30216   96.65737
 -9.1328125   82.24719   19.67799 -414.95805  -29.46400  -78.31245   96.92962
 -9.1250000   82.01680   19.06613 -414.19973  -29.51683  -78.32230   97.20292
 -9.1171875   81.78599   18.45420 -413.43926  -29.56985  -78.33170   97.47729
 -9.1093750   81.55477   17.84220 -412.67664  -29.62305  -78.34064   97.75272
 -9.1015625   81.32313   17.23013 -411.91187  -29.67642  -78.34913   98.02921
 -9.0937500   81.09107   16.61800 -411.14493  -29.72997  -78.35715   98.30677
 -9.0859375   80.85860   16.00580 -410.37582  -29.78370  -78.36472   98.58539
 -9.0781250   80.62570   15.39355 -409.60453  -29.83760  -78.37181   98.86508
 -9.0703125   80.39238   14.78124 -408.83105  -29.89168  -78.37842   99.14585
 -9.0625000   80.15864   14.16889 -408.05537  -29.94593  -78.38456   99.42768
 -9.0546875   79.92448   13.55649 -407.27749  -30.00036  -78.39022   99.71060
 -9.0468750   79.68989   12.94404 -406.49739  -30.05495  -78.39539   99.99459
 -9.0390625   79.45487   12.33156 -405.71507  -30.10972  -78.40006  100.27966
 -9.0312500   79.21942   11.71904 -404.93052  -30.16466  -78.40424  100.56582
 -9.0234375   78.98355   11.10649 -404.14373  -30.21977  -78.40792  100.85306
 -9.0156250   78.74724   10.49392 -403.35469  -30.27506  -78.41110  101.14140
 -9.0078125   78.51050    9.88132 -402.56339  -30.33051  -78.41376  101.43082
 -9.0000000   78.27332    9.26871 -401.76983  -30.38613  -78.41591  101.72134
 -8.9921875   78.03571    8.65607 -400.97399  -30.44191  -78.41754  102.01296
 -8.9843750   77.79767    8.04343 -400.17587  -30.49787  -78.41864  102.30568
 -8.9765625   77.55919    7.43078 -399.37546  -30.55399  -78.41922  102.59951
 -8.9687500   77.32026    6.81813 -398.57275  -30.61028  -78.41926  102.89444
 -8.9609375   77.08090    6.20548 -397.76774  -30.66674  -78.41876  103.19049
 -8.9531250   76.84109    5.59284 -396.96040  -30.72337  -78.41772  103.48765
 -8.9453125   76.60085    4.98021 -396.15074  -30.78016  -78.41613  103.78593
 -8.9375000   76.36015    4.36759 -395.33874  -30.83711  -78.41399  104.08534
 -8.9296875   76.11902    3.75499 -394.52440  -30.89423  -78.41129  104.38588
 -8.9218750   75.87743    3.14242 -393.70771  -30.95152  -78.40802  104.68754
 -8.9140625   75.63540    2.52987 -392.88866  -31.00897  -78.40419  104.99034
 -8.9062500   75.39292    1.91735 -392.06723  -31.06658  -78.39978  105.29429
 -8.8984375   75.14998    1.30487 -391.24343  -31.12436  -78.39479  105.59938
 -8.8906250   74.90660    0.69244 -390.41724  -31.18231  -78.38921  105.90562
 -8.8828125   74.66276    0.08004 -389.58865  -31.24042  -78.38305  106.21301
 -8.8750000   74.41846   -0.53230 -388.75766  -31.29869  -78.37629  106.52156
 -8.8671875   74.17372   -1.14458 -387.92425  -31.35713  -78.36893  106.83128
 -8.8593750   73.92851   -1.75681 -387.08842  -31.41573  -78.36096  107.14216
 -8.8515625   73.68284   -2.36897 -386.25015  -31.47449  -78.35238  107.45423
 -8.8437500   73.43672   -2.98107 -385.40944  -31.53342  -78.34319  107.76747
 -8.8359375   73.19013   -3.59308 -384.56628  -31.59251  -78.33336  108.08189
 -8.8281250   72.94309   -4.20502 -383.72066  -31.65177  -78.32291  108.39751
 -8.8203125   72.69557   -4.81688 -382.87257  -31.71119  -78.31183  108.71433
 -8.8125000   72.44760   -5.42864 -382.02199  -31.77077  -78.30010  109.03234
 -8.8046875   72.19916   -6.04031 -381.16893  -31.83052  -78.28772  109.35157
 -8.7968750   71.95025   -6.65189 -380.31337  -31.89043  -78.27469  109.67201
 -8.7890625   71.70087   -7.26336 -379.45530  -31.95051  -78.26101  109.99367
 -8.7812500   71.45102   -7.87471 -378.59472  -32.01076  -78.24665  110.31656
 -8.7734375   71.20070   -8.48596 -377.73160  -32.07116  -78.23163  110.64068
 -8.7656250   70.94991   -9.09708 -376.86595  -32.13174  -78.21592  110.96605
 -8.7578125   70.69864   -9.70808 -375.99776  -32.19248  -78.19953  111.29266
 -8.7500000   70.44690  -10.31895 -375.12700  -32.25338  -78.18245  111.62052
 -8.7421875   70.19468  -10.92968 -374.25368  -32.31446  -78.16467  111.94965
 -8.7343750   69.94199  -11.54027 -373.37779  -32.37569  -78.14618  112.28004
 -8.7265625   69.68881  -12.15071 -372.49930  -32.43710  -78.12699  112.61171
 -8.7187500   69.43516  -12.76100 -371.61822  -32.49867  -78.10707  112.94466
 -8.7109375   69.18102  -13.37113 -370.73454  -32.56041  -78.08643  113.27890
 -8.7031250   68.92640  -13.98110 -369.84824  -32.62232  -78.06506  113.61444
 -8.6953125   68.67129  -14.59090 -368.95931  -32.68440  -78.04294  113.95129
 -8.6875000   68.41570  -15.20052 -368.06775  -32.74665  -78.02008  114.28945
 -8.6796875   68.15963  -15.80996 -367.17353  -32.80907  -77.99646  114.62893
 -8.6718750   67.90306  -16.41921 -366.27667  -32.87166  -77.97209  114.96974
 -8.6640625   67.64601  -17.02827 -365.37713  -32.93442  -77.94694  115.31189
 -8.6562500   67.38846  -17.63713 -364.47491  -32.99735  -77.92101  115.65538
 -8.6484375   67.13042  -18.24578 -363.57001  -33.06046  -77.89430  116.00024
 -8.6406250   66.87189  -18.85423 -362.66241  -33.12374  -77.86680  116.34645
 -8.6328125   66.61286  -19.46245 -361.75209  -33.18719  -77.83849  116.69404
 -8.6250000   66.35334  -20.07045 -360.83906  -33.25081  -77.80938  117.04302
 -8.6171875   66.09332  -20.67822 -359.92329  -33.31462  -77.77944  117.39338
 -8.6093750   65.83280  -21.28575 -359.00478  -33.37859  -77.74869  117.74515
 -8.6015625   65.57178  -21.89304 -358.08352  -33.44275  -77.71709  118.09833
 -8.5937500   65.31026  -22.50008 -357.15949  -33.50708  -77.68466  118.45292
 -8.5859375   65.04823  -23.10686 -356.23269  -33.57159  -77.65137  118.80895
 -8.5781250   64.78570  -23.71338 -355.30310  -33.63629  -77.61722  119.16642
 -8.5703125   64.52266  -24.31963 -354.37071  -33.70116  -77.58220  119.52534
 -8.5625000   64.25912  -24.92560 -353.43551  -33.76621  -77.54630  119.88572
 -8.5546875   63.99506  -25.53129 -352.49749  -33.83144  -77.50951  120.24758
 -8.5468750   63.73050  -26.13668 -351.55664  -33.89686  -77.47182  120.61091
 -8.5390625   63.46543  -26.74178 -350.61294  -33.96246  -77.43323  120.97574
 -8.5312500   63.19984  -27.34657 -349.66639  -34.02825  -77.39372  121.34208
 -8.5234375   62.93373  -27.95106 -348.71697  -34.09422  -77.35328  121.70993
 -8.5156250   62.66711  -28.55522 -347.76467  -34.16039  -77.31190  122.07931
 -8.5078125   62.39998  -29.15905 -346.80948  -34.22673  -77.26958  122.45022
 -8.5000000   62.13232  -29.76255 -345.85138  -34.29327  -77.22629  122.82269
 -8.4921875   61.86414  -30.36571 -344.89037  -34.36000  -77.18204  123.19672
 -8.4843750   61.59545  -30.96852 -343.92643  -34.42692  -77.13681  123.57232
 -8.4765625   61.32622  -31.57097 -342.95955  -34.49404  -77.09059  123.94951
 -8.4687500   61.05648  -32.17306 -341.98971  -34.56134  -77.04336  124.32830
 -8.4609375   60.78620  -32.77477 -341.01691  -34.62885  -76.99512  124.70870
 -8.4531250   60.51540  -33.37610 -340.04113  -34.69654  -76.94586  125.09072
 -8.4453125   60.24407  -33.97705 -339.06237  -34.76444  -76.89556  125.47438
 -8.4375000   59.97220  -34.57759 -338.08059  -34.83254  -76.84421  125.85970
 -8.4296875   59.69981  -35.17773 -337.09580  -34.90083  -76.79181  126.24667
 -8.4218750   59.42688  -35.77746 -336.10798  -34.96933  -76.73832  126.63533
 -8.4140625   59.15341  -36.37677 -335.11712  -35.03803  -76.68376  127.02567
 -8.4062500   58.87941  -36.97564 -334.12320  -35.10693  -76.62809  127.41772
 -8.3984375   58.60487  -37.57408 -333.12622  -35.17604  -76.57132  127.81149
 -8.3906250   58.32978  -38.17207 -332.12614  -35.24536  -76.51342  128.20699
 -8.3828125   58.05416  -38.76960 -331.12298  -35.31488  -76.45438  128.60424
 -8.3750000   57.77799  -39.36666 -330.11670  -35.38462  -76.39419  129.00325
 -8.3671875   57.50127  -39.96325 -329.10730  -35.45456  -76.33284  129.40404
 -8.3593750   57.22401  -40.55936 -328.09476  -35.52472  -76.27031  129.80662
 -8.3515625   56.94620  -41.15497 -327.07906  -35.59509  -76.20658  130.21101
 -8.3437500   56.66784  -41.75009 -326.06020  -35.66568  -76.14165  130.61722
 -8.3359375   56.38892  -42.34468 -325.03816  -35.73648  -76.07549  131.02528
 -8.3281250   56.10945  -42.93876 -324.01293  -35.80751  -76.00809  131.43518
 -8.3203125   55.82943  -43.53231 -322.98448  -35.87875  -75.93944  131.84696
 -8.3125000   55.54885  -44.12531 -321.95282  -35.95021  -75.86952  132.26062
 -8.3046875   55.26771  -44.71777 -320.91791  -36.02190  -75.79832  132.67619
 -8.2968750   54.98600  -45.30966 -319.87975  -36.09381  -75.72581  133.09367
 -8.2890625   54.70374  -45.90098 -318.83831  -36.16594  -75.65198  133.51309
 -8.2812500   54.42091  -46.49172 -317.79360  -36.23830  -75.57682  133.93447
 -8.2734375   54.13751  -47.08186 -316.74558  -36.31089  -75.50030  134.35781
 -8.2656250   53.85355  -47.67141 -315.69425  -36.38371  -75.42242  134.78315
 -8.2578125   53.56902  -48.26033 -314.63959  -36.45675  -75.34314  135.21048
 -8.2500000   53.28391  -48.84864 -313.58158  -36.53003  -75.26245  135.63983
 -8.2421875   52.99824  -49.43631 -312.52021  -36.60353  -75.18033  136.07123
 -8.2343750   52.71198  -50.02333 -311.45546  -36.67726  -75.09677  136.50467
 -8.2265625   52.42515  -50.60969 -310.38732  -36.75123  -75.01174  136.94019
 -8.2187500   52.13775  -51.19538 -309.31577  -36.82543  -74.92521  137.37780
 -8.2109375   51.84976  -51.78039 -308.24079  -36.89986  -74.83718  137.81752
 -8.2031250   51.56118  -52.36471 -307.16236  -36.97452  -74.74762  138.25936
 -8.1953125   51.27203  -52.94832 -306.08048  -37.04941  -74.65651  138.70334
 -8.1875000   50.98229  -53.53121 -304.99512  -37.12453  -74.56382  139.14949
 -8.1796875   50.69196  -54.11338 -303.90626  -37.19989  -74.46954  139.59781
 -8.1718750   50.40104  -54.69479 -302.81390  -37.27547  -74.37363  140.04833
 -8.1640625   50.10953  -55.27546 -301.71800  -37.35129  -74.27608  140.50106
 -8.1562500   49.81742  -55.85535 -300.61856  -37.42734  -74.17686  140.95603
 -8.1484375   49.52472  -56.43447 -299.51556  -37.50361  -74.07594  141.41326
 -8.1406250   49.23143  -57.01279 -298.40897  -37.58012  -73.97331  141.87275
 -8.1328125   48.93753  -57.59030 -297.29879  -37.65685  -73.86893  142.33453
 -8.1250000   48.64304  -58.16698 -296.18499  -37.73381  -73.76278  142.79862
 -8.1171875   48.34794  -58.74283 -295.06756  -37.81099  -73.65483  143.26504
 -8.1093750   48.05224  -59.31784 -293.94647  -37.88840  -73.54506  143.73381
 -8.1015625   47.75594  -59.89197 -292.82171  -37.96603  -73.43343  144.20494
 -8.0937500   47.45902  -60.46523 -291.69326  -38.04388  -73.31992  144.67846
 -8.0859375   47.16150  -61.03759 -290.56110  -38.12195  -73.20450  145.15439
 -8.0781250   46.86337  -61.60904 -289.42522  -38.20025  -73.08714  145.63274
 -8.0703125   46.56462  -62.17957 -288.28558  -38.27875  -72.96780  146.11354
 -8.0625000   46.26526  -62.74916 -287.14219  -38.35747  -72.84646  146.59680
 -8.0546875   45.96528  -63.31779 -285.99500  -38.43641  -72.72309  147.08255
 -8.0468750   45.66469  -63.88545 -284.84402  -38.51555  -72.59764  147.57080
 -8.0390625   45.36348  -64.45213 -283.68920  -38.59491  -72.47010  148.06158
 -8.0312500   45.06165  -65.01779 -282.53055  -38.67446  -72.34042  148.55491
 -8.0234375   44.75919  -65.58244 -281.36803  -38.75422  -72.20858  149.05081
 -8.0156250   44.45611  -66.14605 -280.20162  -38.83418  -72.07453  149.54929
 -8.0078125   44.15240  -66.70860 -279.03131  -38.91434  -71.93824  150.05039
 -8.0000000   43.84807  -67.27007 -277.85708  -38.99469  -71.79967  150.55411
 -7.9921875   43.54311  -67.83046 -276.67890  -39.07523  -71.65878  151.06049
 -7.9843750   43.23752  -68.38974 -275.49675  -39.15596  -71.51555  151.56954
 -7.9765625   42.93130  -68.94789 -274.31062  -39.23688  -71.36992  152.08129
 -7.9687500   42.62445  -69.50489 -273.12047  -39.31797  -71.22186  152.59576
 -7.9609375   42.31696  -70.06072 -271.92630  -39.39925  -71.07133  153.11296
 -7.9531250   42.00883  -70.61537 -270.72808  -39.48069  -70.91828  153.63293
 -7.9453125   41.70007  -71.16881 -269.52578  -39.56230  -70.76267  154.15568
 -7.9375000   41.39067  -71.72103 -268.31939  -39.64408  -70.60447  154.68124
 -7.9296875   41.08063  -72.27200 -267.10888  -39.72602  -70.44362  155.20962
 -7.9218750   40.76995  -72.82170 -265.89423  -39.80811  -70.28008  155.74086
 -7.9140625   40.45863  -73.37012 -264.67542  -39.89036  -70.11381  156.27497
 -7.9062500   40.14666  -73.91722 -263.45242  -39.97275  -69.94475  156.81197
 -7.8984375   39.83405  -74.46300 -262.22522  -40.05528  -69.77286  157.35190
 -7.8906250   39.52080  -75.00742 -260.99379  -40.13795  -69.59809  157.89477
 -7.8828125   39.20690  -75.55046 -259.75811  -40.22074  -69.42040  158.44060
 -7.8750000   38.89235  -76.09210 -258.51815  -40.30367  -69.23972  158.98942
 -7.8671875   38.57715  -76.63232 -257.27389  -40.38671  -69.05600  159.54126
 -7.8593750   38.26131  -77.17110 -256.02531  -40.46986  -68.86920  160.09613
 -7.8515625   37.94481  -77.70840 -254.77238  -40.55312  -68.67926  160.65407
 -7.8437500   37.62766  -78.24420 -253.51508  -40.63648  -68.48612  161.21508
 -7.8359375   37.30987  -78.77848 -252.25339  -40.71993  -68.28973  161.77921
 -7.8281250   36.99142  -79.31122 -250.98727  -40.80347  -68.09002  162.34647
 -7.8203125   36.67231  -79.84238 -249.71672  -40.88709  -67.88694  162.91688
 -7.8125000   36.35255  -80.37194 -248.44169  -40.97079  -67.68043  163.49047
 -7.8046875   36.03214  -80.89988 -247.16217  -41.05454  -67.47043  164.06727
 -7.7968750   35.71108  -81.42616 -245.87813  -41.13835  -67.25687  164.64729
 -7.7890625   35.38936  -81.95076 -244.58955  -41.22222  -67.03969  165.23057
 -7.7812500   35.06698  -82.47365 -243.29639  -41.30612  -66.81882  165.81713
 -7.7734375   34.74395  -82.99479 -241.99865  -41.39005  -66.59420  166.40699
 -7.7656250   34.42026  -83.51417 -240.69628  -41.47401  -66.36576  167.00017
 -7.7578125   34.09592  -84.03175 -239.38926  -41.55798  -66.13342  167.59671
 -7.7500000   33.77092  -84.54749 -238.07757  -41.64196  -65.89711  168.19662
 -7.7421875   33.44526  -85.06138 -236.76118  -41.72594  -65.65677  168.79993
 -7.7343750   33.11895  -85.57337 -235.44006  -41.80989  -65.41232  169.40667
 -7.7265625   32.79198  -86.08344 -234.11419  -41.89383  -65.16368  170.01685
 -7.7187500   32.46436  -86.59154 -232.78354  -41.97773  -64.91077  170.63051
 -7.7109375   32.13608  -87.09766 -231.44808  -42.06158  -64.65351  171.24766
 -7.7031250   31.80715  -87.60174 -230.10778  -42.14538  -64.39183  171.86834
 -7.6953125   31.47756  -88.10377 -228.76263  -42.22911  -64.12564  172.49256
 -7.6875000   31.14732  -88.60369 -227.41258  -42.31276  -63.85484  173.12036
 -7.6796875   30.81642  -89.10149 -226.05761  -42.39631  -63.57937  173.75174
 -7.6718750   30.48487  -89.59711 -224.69770  -42.47977  -63.29913  174.38675
 -7.6640625   30.15268  -90.09052 -223.33281  -42.56310  -63.01402  175.02540
 -7.6562500   29.81983  -90.58169 -221.96292  -42.64631  -62.72396  175.66771
 -7.6484375   29.48633  -91.07057 -220.58799  -42.72937  -62.42885  176.31371
 -7.6406250   29.15218  -91.55713 -219.20801  -42.81227  -62.12859  176.96342
 -7.6328125   28.81739  -92.04132 -217.82293  -42.89500  -61.82309  177.61687
 -7.6250000   28.48195  -92.52310 -216.43273  -42.97754  -61.51224  178.27407
 -7.6171875   28.14586  -93.00243 -215.03739  -43.05988  -61.19595  178.93505
 -7.6093750   27.80914  -93.47927 -213.63686  -43.14201  -60.87410  179.59984
 -7.6015625   27.47177  -93.95357 -212.23113  -43.22390  -60.54659  180.26844
 -7.5937500   27.13376  -94.42530 -210.82016  -43.30554  -60.21331  180.94089
 -7.5859375   26.79512  -94.89439 -209.40392  -43.38691  -59.87415  181.61720
 -7.5781250   26.45584  -95.36081 -207.98238  -43.46799  -59.52899  182.29739
 -7.5703125   26.11593  -95.82452 -206.55551  -43.54878  -59.17771  182.98149
 -7.5625000   25.77539  -96.28545 -205.12328  -43.62924  -58.82019  183.66951
 -7.5546875   25.43423  -96.74357 -203.68566  -43.70936  -58.45632  184.36147
 -7.5468750   25.09244  -97.19881 -202.24262  -43.78912  -58.08597  185.05739
 -7.5390625   24.75002  -97.65114 -200.79413  -43.86850  -57.70900  185.75729
 -7.5312500   24.40699  -98.10050 -199.34016  -43.94747  -57.32529  186.46117
 -7.5234375   24.06335  -98.54683 -197.88067  -44.02603  -56.93471  187.16907
 -7.5156250   23.71909  -98.99008 -196.41563  -44.10414  -56.53711  187.88098
 -7.5078125   23.37422  -99.43020 -194.94502  -44.18178  -56.13236  188.59693
 -7.5000000   23.02875  -99.86713 -193.46879  -44.25892  -55.72031  189.31693
 -7.4921875   22.68268 -100.30082 -191.98693  -44.33556  -55.30083  190.04098
 -7.4843750   22.33601 -100.73119 -190.49939  -44.41165  -54.87375  190.76911
 -7.4765625   21.98874 -101.15820 -189.00615  -44.48717  -54.43894  191.50131
 -7.4687500   21.64090 -101.58178 -187.50717  -44.56211  -53.99622  192.23761
 -7.4609375   21.29246 -102.00187 -186.00243  -44.63643  -53.54546  192.97799
 -7.4531250   20.94345 -102.41840 -184.49188  -44.71010  -53.08648  193.72248
 -7.4453125   20.59387 -102.83132 -182.97550  -44.78311  -52.61912  194.47106
 -7.4375000   20.24372 -103.24056 -181.45326  -44.85542  -52.14323  195.22375
 -7.4296875   19.89301 -103.64604 -179.92512  -44.92702  -51.65863  195.98054
 -7.4218750   19.54174 -104.04770 -178.39105  -44.99786  -51.16514  196.74143
 -7.4140625   19.18992 -104.44547 -176.85103  -45.06794  -50.66260  197.50643
 -7.4062500   18.83755 -104.83928 -175.30500  -45.13721  -50.15083  198.27551
 -7.3984375   18.48465 -105.22905 -173.75296  -45.20566  -49.62964  199.04868
 -7.3906250   18.13122 -105.61472 -172.19486  -45.27325  -49.09886  199.82592
 -7.3828125   17.77726 -105.99620 -170.63067  -45.33997  -48.55829  200.60722
 -7.3750000   17.42278 -106.37341 -169.06036  -45.40577  -48.00774  201.39257
 -7.3671875   17.06779 -106.74629 -167.48390  -45.47063  -47.44703  202.18194
 -7.3593750   16.71231 -107.11475 -165.90126  -45.53452  -46.87594  202.97533
 -7.3515625   16.35632 -107.47870 -164.31240  -45.59741  -46.29428  203.77269
 -7.3437500   15.99985 -107.83807 -162.71730  -45.65927  -45.70184  204.57401
 -7.3359375   15.64290 -108.19276 -161.11592  -45.72008  -45.09841  205.37926
 -7.3281250   15.28547 -108.54270 -159.50824  -45.77979  -44.48378  206.18840
 -7.3203125   14.92759 -108.88779 -157.89422  -45.83837  -43.85773  207.00140
 -7.3125000   14.56925 -109.22795 -156.27383  -45.89580  -43.22003  207.81821
 -7.3046875   14.21047 -109.56307 -154.64705  -45.95203  -42.57046  208.63879
 -7.2968750   13.85126 -109.89308 -153.01384  -46.00704  -41.90879  209.46308
 -7.2890625   13.49162 -110.21787 -151.37418  -46.06079  -41.23478  210.29105
 -7.2812500   13.13156 -110.53734 -149.72803  -46.11323  -40.54819  211.12262
 -7.2734375   12.77110 -110.85140 -148.07538  -46.16434  -39.84878  211.95773
 -7.2656250   12.41025 -111.15994 -146.41618  -46.21406  -39.13629  212.79632
 -7.2578125   12.04901 -111.46287 -144.75043  -46.26238  -38.41048  213.63831
 -7.2500000   11.68740 -111.76007 -143.07808  -46.30923  -37.67107  214.48362
 -7.2421875   11.32543 -112.05144 -141.39911  -46.35458  -36.91782  215.33216
 -7.2343750   10.96311 -112.33687 -139.71350  -46.39839  -36.15044  216.18385
 -7.2265625   10.60046 -112.61625 -138.02123  -46.44060  -35.36867  217.03857
 -7.2187500   10.23748 -112.88947 -136.32227  -46.48118  -34.57223  217.89624
 -7.2109375    9.87420 -113.15641 -134.61659  -46.52007  -33.76082  218.75673
 -7.2031250    9.51061 -113.41694 -132.90419  -46.55722  -32.93416  219.61993
 -7.1953125    9.14674 -113.67096 -131.18503  -46.59259  -32.09196  220.48570
 -7.1875000    8.78261 -113.91834 -129.45909  -46.62611  -31.23392  221.35390
 -7.1796875    8.41822 -114.15895 -127.72637  -46.65774  -30.35972  222.22440
 -7.1718750    8.05359 -114.39267 -125.98683  -46.68742  -29.46906  223.09704
 -7.1640625    7.68873 -114.61936 -124.24047  -46.71508  -28.56163  223.97164
 -7.1562500    7.32367 -114.83890 -122.48727  -46.74066  -27.63710  224.84804
 -7.1484375    6.95841 -115.05115 -120.72721  -46.76411  -26.69515  225.72605
 -7.1406250    6.59298 -115.25596 -118.96030  -46.78536  -25.73544  226.60547
 -7.1328125    6.22740 -115.45321 -117.18650  -46.80433  -24.75764  227.48610
 -7.1250000    5.86167 -115.64275 -115.40582  -46.82096  -23.76141  228.36771
 -7.1171875    5.49583 -115.82444 -113.61825  -46.83517  -22.74640  229.25006
 -7.1093750    5.12988 -115.99812 -111.82379  -46.84689  -21.71226  230.13292
 -7.1015625    4.76385 -116.16364 -110.02243  -46.85604  -20.65864  231.01603
 -7.0937500    4.39776 -116.32086 -108.21416  -46.86254  -19.58518  231.89910
 -7.0859375    4.03163 -116.46961 -106.39900  -46.86631  -18.49152  232.78184
 -7.0781250    3.66548 -116.60973 -104.57695  -46.86725  -17.37728  233.66396
 -7.0703125    3.29934 -116.74107 -102.74801  -46.86528  -16.24210  234.54512
 -7.0625000    2.93322 -116.86346 -100.91218  -46.86030  -15.08560  235.42499
 -7.0546875    2.56715 -116.97673  -99.06950  -46.85223  -13.90741  236.30321
 -7.0468750    2.20116 -117.08071  -97.21995  -46.84095  -12.70716  237.17940
 -7.0390625    1.83527 -117.17522  -95.36357  -46.82637  -11.48445  238.05317
 -7.0312500    1.46951 -117.26009  -93.50038  -46.80837  -10.23890  238.92410
 -7.0234375    1.10390 -117.33514  -91.63039  -46.78685   -8.97015  239.79175
 -7.0156250    0.73847 -117.40019  -89.75364  -46.76170   -7.67779  240.65567
 -7.0078125    0.37326 -117.45504  -87.87016  -46.73280   -6.36145  241.51537
 -7.0000000    0.00828 -117.49952  -85.97998  -46.70002   -5.02075  242.37035
 -6.9921875   -0.35642 -117.53343  -84.08314  -46.66324   -3.65531  243.22008
 -6.9843750   -0.72082 -117.55657  -82.17968  -46.62234   -2.26474  244.06401
 -6.9765625   -1.08488 -117.56875  -80.26965  -46.57718   -0.84869  244.90156
 -6.9687500   -1.44858 -117.56976  -78.35311  -46.52761    0.59323  245.73212
 -6.9609375   -1.81186 -117.55941  -76.43011  -46.47350    2.06137  246.55510
 -6.9531250   -2.17471 -117.53749  -74.50071  -46.41471    3.55609  247.36984
 -6.9453125   -2.53708 -117.50378  -72.56498  -46.35106    5.07774  248.17568
 -6.9375000   -2.89893 -117.45808  -70.62299  -46.28241    6.62667  248.97194
 -6.9296875   -3.26023 -117.40016  -68.67482  -46.20859    8.20320  249.75791
 -6.9218750   -3.62093 -117.32983  -66.72055  -46.12943    9.80764  250.53285
 -6.9140625   -3.98099 -117.24685  -64.76027  -46.04475   11.44031  251.29601
 -6.9062500   -4.34036 -117.15100  -62.79408  -45.95438   13.10150  252.04659
 -6.8984375   -4.69901 -117.04206  -60.82208  -45.85813   14.79146  252.78379
 -6.8906250   -5.05688 -116.91981  -58.84437  -45.75582   16.51047  253.50676
 -6.8828125   -5.41393 -116.78401  -56.86108  -45.64724   18.25873  254.21464
 -6.8750000   -5.77010 -116.63444  -54.87231  -45.53221   20.03647  254.90653
 -6.8671875   -6.12535 -116.47086  -52.87820  -45.41052   21.84386  255.58150
 -6.8593750   -6.47962 -116.29305  -50.87890  -45.28197   23.68105  256.23861
 -6.8515625   -6.83286 -116.10077  -48.87453  -45.14635   25.54817  256.87687
 -6.8437500   -7.18502 -115.89378  -46.86525  -45.00345   27.44530  257.49527
 -6.8359375   -7.53602 -115.67186  -44.85122  -44.85305   29.37249  258.09277
 -6.8281250   -7.88583 -115.43476  -42.83260  -44.69495   31.32976  258.66832
 -6.8203125   -8.23436 -115.18225  -40.80958  -44.52892   33.31707  259.22082
 -6.8125000   -8.58157 -114.91410  -38.78234  -44.35476   35.33434  259.74915
 -6.8046875   -8.92738 -114.63007  -36.75107  -44.17224   37.38147  260.25217
 -6.7968750   -9.27174 -114.32994  -34.71597  -43.98114   39.45826  260.72872
 -6.7890625   -9.61457 -114.01346  -32.67726  -43.78126   41.56449  261.17760
 -6.7812500   -9.95580 -113.68042  -30.63515  -43.57238   43.69987  261.59761
 -6.7734375  -10.29536 -113.33058  -28.58987  -43.35428   45.86406  261.98752
 -6.7656250  -10.63318 -112.96372  -26.54167  -43.12677   48.05665  262.34609
 -6.7578125  -10.96919 -112.57962  -24.49080  -42.88964   50.27715  262.67206
 -6.7500000  -11.30331 -112.17806  -22.43751  -42.64270   52.52501  262.96417
 -6.7421875  -11.63546 -111.75884  -20.38207  -42.38575   54.79963  263.22115
 -6.7343750  -11.96556 -111.32175  -18.32477  -42.11861   57.10029  263.44172
 -6.7265625  -12.29353 -110.86659  -16.26590  -41.84111   59.42622  263.62459
 -6.7187500  -12.61930 -110.39315  -14.20574  -41.55309   61.77659  263.76848
 -6.7109375  -12.94277 -109.90127  -12.14462  -41.25438   64.15047  263.87211
 -6.7031250  -13.26387 -109.39074  -10.08285  -40.94485   66.54687  263.93419
 -6.6953125  -13.58251 -108.86142   -8.02076  -40.62435   68.96471  263.95345
 -6.6875000  -13.89860 -108.31312   -5.95869  -40.29277   71.40285  263.92862
 -6.6796875  -14.21205 -107.74570   -3.89699  -39.94999   73.86005  263.85846
 -6.6718750  -14.52279 -107.15901   -1.83602  -39.59593   76.33499  263.74178
 -6.6640625  -14.83071 -106.55292    0.22385  -39.23051   78.82628  263.57737
 -6.6562500  -15.13573 -105.92731    2.28225  -38.85367   81.33245  263.36412
 -6.6484375  -15.43777 -105.28207    4.33878  -38.46538   83.85194  263.10091
 -6.6406250  -15.73672 -104.61709    6.39307  -38.06560   86.38312  262.78671
 -6.6328125  -16.03251 -103.93230    8.44469  -37.65436   88.92428  262.42054
 -6.6250000  -16.32504 -103.22763   10.49325  -37.23167   91.47364  262.00147
 -6.6171875  -16.61423 -102.50301   12.53832  -36.79757   94.02935  261.52868
 -6.6093750  -16.89998 -101.75841   14.57949  -36.35214   96.58950  261.00139
 -6.6015625  -17.18220 -100.99379   16.61633  -35.89547   99.15211  260.41892
 -6.5937500  -17.46081 -100.20916   18.64839  -35.42768  101.71516  259.78070
 -6.5859375  -17.73573  -99.40450   20.67525  -34.94891  104.27656  259.08623
 -6.5781250  -18.00686  -98.57984   22.69647  -34.45933  106.83419  258.33513
 -6.5703125  -18.27413  -97.73523   24.71159  -33.95914  109.38589  257.52713
 -6.5625000  -18.53745  -96.87071   26.72018  -33.44854  111.92948  256.66205
 -6.5546875  -18.79674  -95.98636   28.72179  -32.92779  114.46276  255.73986
 -6.5468750  -19.05192  -95.08226   30.71597  -32.39714  116.98350  254.76062
 -6.5390625  -19.30292  -94.15853   32.70227  -31.85689  119.48948  253.72453
 -6.5312500  -19.54966  -93.21528   34.68027  -31.30738  121.97847  252.63193
 -6.5234375  -19.79207  -92.25267   36.64950  -30.74898  124.44822  251.48329
 -6.5156250  -20.03009  -91.27084   38.60955  -30.18208  126.89651  250.27921
 -6.5078125  -20.26365  -90.26997   40.55997  -29.60712  129.32114  249.02042
 -6.5000000  -20.49268  -89.25026   42.50035  -29.02458  131.71992  247.70781
 -6.4921875  -20.71714  -88.21192   44.43027  -28.43495  134.09070  246.34236
 -6.4843750  -20.93696  -87.15517   46.34932  -27.83876  136.43140  244.92521
 -6.4765625  -21.15210  -86.08026   48.25709  -27.23657  138.73997  243.45761
 -6.4687500  -21.36252  -84.98745   50.15321  -26.62894  141.01443  241.94093
 -6.4609375  -21.56817  -83.87701   52.03730  -26.01648  143.25287  240.37665
 -6.4531250  -21.76901  -82.74922   53.90898  -25.39982  145.45346  238.76636
 -6.4453125  -21.96503  -81.60440   55.76791  -24.77958  147.61446  237.11175
 -6.4375000  -22.15619  -80.44285   57.61374  -24.15642  149.73420  235.41462
 -6.4296875  -22.34247  -79.26491   59.44615  -23.53101  151.81112  233.67682
 -6.4218750  -22.52385  -78.07092   61.26484  -22.90403  153.84376  231.90032
 -6.4140625  -22.70034  -76.86122   63.06950  -22.27616  155.83076  230.08710
 -6.4062500  -22.87192  -75.63619   64.85986  -21.64804  157.77087  228.23922
 -6.3984375  -23.03859  -74.39618   66.63565  -21.02034  159.66297  226.35874
 -6.3906250  -23.20036  -73.14158   68.39664  -20.39366  161.50603  224.44773
 -6.3828125  -23.35725  -71.87278   70.14258  -19.76862  163.29916  222.50830
 -6.3750000  -23.50925  -70.59016   71.87326  -19.14579  165.04157  220.54253
 -6.3671875  -23.65641  -69.29414   73.58849  -18.52574  166.73261  218.55251
 -6.3593750  -23.79873  -67.98510   75.28808  -17.90898  168.37171  216.54029
 -6.3515625  -23.93624  -66.66346   76.97188  -17.29603  169.95844  214.50794
 -6.3437500  -24.06899  -65.32964   78.63972  -16.68737  171.49247  212.45747
 -6.3359375  -24.19700  -63.98403   80.29149  -16.08344  172.97358  210.39084
 -6.3281250  -24.32031  -62.62706   81.92704  -15.48466  174.40164  208.31001
 -6.3203125  -24.43896  -61.25915   83.54630  -14.89141  175.77665  206.21685
 -6.3125000  -24.55300  -59.88069   85.14916  -14.30407  177.09866  204.11320
 -6.3046875  -24.66248  -58.49212   86.73554  -13.72296  178.36786  202.00083
 -6.2968750  -24.76744  -57.09383   88.30540  -13.14837  179.58448  199.88145
 -6.2890625  -24.86794  -55.68624   89.85868  -12.58057  180.74888  197.75670
 -6.2812500  -24.96403  -54.26976   91.39534  -12.01979  181.86145  195.62814
 -6.2734375  -25.05577  -52.84479   92.91536  -11.46625  182.92268  193.49726
 -6.2656250  -25.14321  -51.41173   94.41873  -10.92012  183.93312  191.36549
 -6.2578125  -25.22641  -49.97097   95.90545  -10.38154  184.89338  189.23416
 -6.2500000  -25.30544  -48.52290   97.37552   -9.85062  185.80412  187.10451
 -6.2421875  -25.38035  -47.06791   98.82896   -9.32745  186.66606  184.97773
 -6.2343750  -25.45120  -45.60637  100.26581   -8.81208  187.47995  182.85489
 -6.2265625  -25.51806  -44.13866  101.68608   -8.30456  188.24661  180.73702
 -6.2187500  -25.58098  -42.66514  103.08984   -7.80490  188.96687  178.62508
 -6.2109375  -25.64003  -41.18617  104.47712   -7.31311  189.64160  176.51999
 -6.2031250  -25.69527  -39.70210  105.84798   -6.82919  190.27171  174.42262
 -6.1953125  -25.74676  -38.21328  107.20249   -6.35313  190.85813  172.33378
 -6.1875000  -25.79456  -36.72005  108.54072   -5.88490  191.40178  170.25423
 -6.1796875  -25.83873  -35.22274  109.86274   -5.42447  191.90365  168.18469
 -6.1718750  -25.87933  -33.72167  111.16864   -4.97180  192.36469  166.12583
 -6.1640625  -25.91643  -32.21715  112.45849   -4.52683  192.78590  164.07828
 -6.1562500  -25.95009  -30.70949  113.73239   -4.08951  193.16826  162.04260
 -6.1484375  -25.98035  -29.19899  114.99044   -3.65976  193.51277  160.01935
 -6.1406250  -26.00729  -27.68595  116.23273   -3.23753  193.82042  158.00901
 -6.1328125  -26.03096  -26.17064  117.45936   -2.82273  194.09221  156.01203
 -6.1250000  -26.05141  -24.65335  118.67045   -2.41529  194.32912  154.02884
 -6.1171875  -26.06871  -23.13434  119.86610   -2.01511  194.53213  152.05980
 -6.1093750  -26.08292  -21.61387  121.04642   -1.62210  194.70223  150.10528
 -6.1015625  -26.09408  -20.09220  122.21153   -1.23618  194.84037  148.16558
 -6.0937500  -26.10225  -18.56957  123.36155   -0.85724  194.94751  146.24098
 -6.0859375  -26.10749  -17.04622  124.49659   -0.48520  195.02459  144.33175
 -6.0781250  -26.10985  -15.52238  125.61677   -0.11995  195.07254  142.43810
 -6.0703125  -26.10938  -13.99829  126.72222    0.23860  195.09228  140.56025
 -6.0625000  -26.10614  -12.47414  127.81307    0.59055  195.08470  138.69837
 -6.0546875  -26.10017  -10.95016  128.88943    0.93601  195.05067  136.85263
 -6.0468750  -26.09153   -9.42654  129.95143    1.27507  194.99108  135.02317
 -6.0390625  -26.08027   -7.90348  130.99921    1.60782  194.90675  133.21010
 -6.0312500  -26.06642   -6.38118  132.03288    1.93437  194.79853  131.41354
 -6.0234375  -26.05006   -4.85982  133.05259    2.25481  194.66722  129.63359
 -6.0156250  -26.03121   -3.33957  134.05845    2.56923  194.51361  127.87031
 -6.0078125  -26.00993   -1.82060  135.05060    2.87771  194.33847  126.12379
 -6.0000000  -25.98626   -0.30308  136.02918    3.18036  194.14257  124.39409
 -5.9921875  -25.96025    1.21283  136.99431    3.47724  193.92662  122.68125
 -5.9843750  -25.93194    2.72697  137.94612    3.76844  193.69134  120.98533
 -5.9765625  -25.90138    4.23921  138.88475    4.05405  193.43744  119.30635
 -5.9687500  -25.86861    5.74939  139.81032    4.33413  193.16558  117.64434
 -5.9609375  -25.83368    7.25737  140.72298    4.60878  192.87643  115.99930
 -5.9531250  -25.79661    8.76304  141.62286    4.87807  192.57063  114.37121
 -5.9453125  -25.75747   10.26625  142.51008    5.14208  192.24878  112.76005
 -5.9375000  -25.71628   11.76688  143.38478    5.40090  191.91151  111.16578
 -5.9296875  -25.67309   13.26483  144.24709    5.65461  191.55938  109.58834
 -5.9218750  -25.62794   14.75996  145.09714    5.90328  191.19298  108.02767
 -5.9140625  -25.58087   16.25218  145.93506    6.14701  190.81284  106.48370
 -5.9062500  -25.53191   17.74138  146.76099    6.38586  190.41951  104.95635
 -5.8984375  -25.48110   19.22745  147.57505    6.61993  190.01349  103.44552
 -5.8906250  -25.42848   20.71031  148.37737    6.84929  189.59528  101.95113
 -5.8828125  -25.37409   22.18985  149.16808    7.07402  189.16538  100.47305
 -5.8750000  -25.31796   23.66599  149.94730    7.29419  188.72425   99.01118
 -5.8671875  -25.26013   25.13864  150.71517    7.50990  188.27234   97.56541
 -5.8593750  -25.20063   26.60771  151.47180    7.72120  187.81009   96.13561
 -5.8515625  -25.13950   28.07314  152.21733    7.92818  187.33792   94.72164
 -5.8437500  -25.07677   29.53485  152.95187    8.13092  186.85626   93.32338
 -5.8359375  -25.01247   30.99275  153.67555    8.32948  186.36549   91.94070
 -5.8281250  -24.94663   32.44678  154.38848    8.52394  185.86600   90.57344
 -5.8203125  -24.87929   33.89688  155.09080    8.71437  185.35815   89.22148
 -5.8125000  -24.81048   35.34298  155.78261    8.90085  184.84232   87.88465
 -5.8046875  -24.74022   36.78502  156.46403    9.08344  184.31884   86.56282
 -5.7968750  -24.66856   38.22295  157.13519    9.26221  183.78805   85.25583
 -5.7890625  -24.59551   39.65669  157.79620    9.43723  183.25028   83.96354
 -5.7812500  -24.52111   41.08621  158.44716    9.60857  182.70583   82.68578
 -5.7734375  -24.44539   42.51146  159.08820    9.77629  182.15502   81.42240
 -5.7656250  -24.36837   43.93237  159.71942    9.94045  181.59813   80.17325
 -5.7578125  -24.29008   45.34891  160.34094   10.10113  181.03544   78.93817
 -5.7500000  -24.21055   46.76104  160.95287   10.25838  180.46723   77.71701
 -5.7421875  -24.12980   48.16870  161.55531   10.41227  179.89376   76.50960
 -5.7343750  -24.04786   49.57186  162.14836   10.56286  179.31529   75.31578
 -5.7265625  -23.96476   50.97049  162.73215   10.71020  178.73206   74.13541
 -5.7187500  -23.88052   52.36454  163.30676   10.85435  178.14431   72.96832
 -5.7109375  -23.79517   53.75398  163.87231   10.99538  177.55227   71.81435
 -5.7031250  -23.70873   55.13878  164.42890   11.13334  176.95615   70.67335
 -5.6953125  -23.62122   56.51891  164.97662   11.26828  176.35618   69.54516
 -5.6875000  -23.53267   57.89434  165.51557   11.40026  175.75256   68.42962
 -5.6796875  -23.44310   59.26504  166.04586   11.52934  175.14549   67.32657
 -5.6718750  -23.35253   60.63098  166.56758   11.65556  174.53515   66.23587
 -5.6640625  -23.26099   61.99214  167.08083   11.77899  173.92175   65.15735
 -5.6562500  -23.16849   63.34850  167.58570   11.89966  173.30545   64.09087
 -5.6484375  -23.07506   64.70003  168.08228   12.01764  172.68644   63.03626
 -5.6406250  -22.98072   66.04672  168.57067   12.13297  172.06487   61.99338
 -5.6328125  -22.88549   67.38854  169.05096   12.24569  171.44091   60.96208
 -5.6250000  -22.78939   68.72548  169.52323   12.35587  170.81471   59.94220
 -5.6171875  -22.69244   70.05751  169.98758   12.46355  170.18644   58.93361
 -5.6093750  -22.59465   71.38463  170.44410   12.56876  169.55622   57.93614
 -5.6015625  -22.49606   72.70682  170.89287   12.67157  168.92421   56.94965
 -5.5937500  -22.39667   74.02407  171.33397   12.77201  168.29054   55.97399
 -5.5859375  -22.29650   75.33636  171.76749   12.87013  167.65533   55.00903
 -5.5781250  -22.19558   76.64368  172.19351   12.96598  167.01872   54.05462
 -5.5703125  -22.09391   77.94602  172.61212   13.05959  166.38083   53.11060
 -5.5625000  -21.99153   79.24338  173.02339   13.15101  165.74178   52.17686
 -5.5546875  -21.88843   80.53574  173.42741   13.24028  165.10168   51.25323
 -5.5468750  -21.78465   81.82309  173.82425   13.32745  164.46064   50.33959
 -5.5390625  -21.68020   83.10543  174.21399   13.41255  163.81877   49.43579
 -5.5312500  -21.57509   84.38276  174.59671   13.49563  163.17617   48.54171
 -5.5234375  -21.46933   85.65506  174.97248   13.57672  162.53294   47.65719
 -5.5156250  -21.36296   86.92233  175.34138   13.65587  161.88917   46.78211
 -5.5078125  -21.25597   88.18457  175.70347   13.73311  161.24497   45.91634
 -5.5000000  -21.14838   89.44178  176.05884   13.80849  160.60041   45.05974
 -5.4921875  -21.04021   90.69396  176.40755   13.88204  159.95559   44.21218
 -5.4843750  -20.93148   91.94109  176.74968   13.95379  159.31058   43.37353
 -5.4765625  -20.82219   93.18318  177.08529   14.02379  158.66548   42.54366
 -5.4687500  -20.71236   94.42024  177.41445   14.09208  158.02035   41.72244
 -5.4609375  -20.60201   95.65225  177.73722   14.15868  157.37527   40.90975
 -5.4531250  -20.49114   96.87923  178.05368   14.22364  156.73032   40.10547
 -5.4453125  -20.37977   98.10116  178.36389   14.28698  156.08556   39.30947
 -5.4375000  -20.26791   99.31806  178.66792   14.34875  155.44106   38.52164
 -5.4296875  -20.15557  100.52993  178.96582   14.40897  154.79690   37.74185
 -5.4218750  -20.04277  101.73677  179.25765   14.46767  154.15312   36.97000
 -5.4140625  -19.92952  102.93857  179.54349   14.52490  153.50979   36.20596
 -5.4062500  -19.81582  104.13536  179.82339   14.58067  152.86697   35.44962
 -5.3984375  -19.70170  105.32712  180.09741   14.63502  152.22472   34.70088
 -5.3906250  -19.58715  106.51387  180.36561   14.68798  151.58309   33.95962
 -5.3828125  -19.47220  107.69561  180.62805   14.73958  150.94213   33.22573
 -5.3750000  -19.35685  108.87234  180.88478   14.78984  150.30190   32.49912
 -5.3671875  -19.24111  110.04408  181.13587   14.83880  149.66244   31.77968
 -5.3593750  -19.12500  111.21082  181.38136   14.88648  149.02380   31.06730
 -5.3515625  -19.00852  112.37258  181.62131   14.93291  148.38602   30.36188
 -5.3437500  -18.89168  113.52936  181.85578   14.97811  147.74916   29.66333
 -5.3359375  -18.77449  114.68116  182.08482   15.02211  147.11324   28.97154
 -5.3281250  -18.65696  115.82800  182.30848   15.06494  146.47832   28.28643
 -5.3203125  -18.53910  116.96989  182.52681   15.10661  145.84443   27.60789
 -5.3125000  -18.42092  118.10682  182.73987   15.14717  145.21161   26.93583
 -5.3046875  -18.30243  119.23882  182.94770   15.18661  144.57989   26.27016
 -5.2968750  -18.18363  120.36589  183.15036   15.22498  143.94931   25.61079
 -5.2890625  -18.06454  121.48803  183.34789   15.26230  143.31991   24.95764
 -5.2812500  -17.94516  122.60526  183.54034   15.29857  142.69171   24.31060
 -5.2734375  -17.82550  123.71759  183.72775   15.33384  142.06475   23.66961
 -5.2656250  -17.70557  124.82503  183.91019   15.36812  141.43905   23.03456
 -5.2578125  -17.58538  125.92758  184.08768   15.40142  140.81466   22.40539
 -5.2500000  -17.46493  127.02526  184.26029   15.43378  140.19158   21.78200
 -5.2421875  -17.34423  128.11808  184.42804   15.46521  139.56986   21.16432
 -5.2343750  -17.22329  129.20604  184.59100   15.49573  138.94951   20.55226
 -5.2265625  -17.10211  130.28917  184.74919   15.52536  138.33055   19.94575
 -5.2187500  -16.98070  131.36746  184.90266   15.55411  137.71302   19.34471
 -5.2109375  -16.85908  132.44094  185.05146   15.58202  137.09694   18.74906
 -5.2031250  -16.73724  133.50961  185.19563   15.60909  136.48232   18.15873
 -5.1953125  -16.61519  134.57348  185.33521   15.63534  135.86919   17.57365
 -5.1875000  -16.49294  135.63257  185.47023   15.66080  135.25756   16.99373
 -5.1796875  -16.37049  136.68688  185.60075   15.68547  134.64746   16.41892
 -5.1718750  -16.24785  137.73644  185.72679   15.70938  134.03890   15.84914
 -5.1640625  -16.12503  138.78124  185.84840   15.73254  133.43191   15.28432
 -5.1562500  -16.00203  139.82132  185.96562   15.75497  132.82648   14.72439
 -5.1484375  -15.87886  140.85666  186.07848   15.77669  132.22265   14.16928
 -5.1406250  -15.75553  141.88730  186.18703   15.79770  131.62042   13.61894
 -5.1328125  -15.63203  142.91324  186.29129   15.81802  131.01982   13.07328
 -5.1250000  -15.50837  143.93449  186.39131   15.83768  130.42084   12.53226
 -5.1171875  -15.38456  144.95107  186.48712   15.85667  129.82352   11.99581
 -5.1093750  -15.26061  145.96298  186.57876   15.87503  129.22785   11.46385
 -5.1015625  -15.13652  146.97026  186.66625   15.89276  128.63384   10.93634
 -5.0937500  -15.01229  147.97289  186.74965   15.90987  128.04152   10.41322
 -5.0859375  -14.88793  148.97091  186.82897   15.92639  127.45089    9.89441
 -5.0781250  -14.76344  149.96432  186.90426   15.94231  126.86195    9.37988
 -5.0703125  -14.63883  150.95313  186.97554   15.95766  126.27472    8.86954
 -5.0625000  -14.51410  151.93736  187.04286   15.97245  125.68921    8.36336
 -5.0546875  -14.38926  152.91703  187.10623   15.98669  125.10541    7.86128
 -5.0468750  -14.26431  153.89214  187.16570   16.00039  124.52335    7.36323
 -5.0390625  -14.13926  154.86271  187.22129   16.01356  123.94303    6.86917
 -5.0312500  -14.01410  155.82875  187.27304   16.02623  123.36444    6.37904
 -5.0234375  -13.88885  156.79028  187.32097   16.03838  122.78760    5.89279
 -5.0156250  -13.76350  157.74732  187.36513   16.05005  122.21252    5.41037
 -5.0078125  -13.63807  158.69986  187.40552   16.06124  121.63919    4.93173
 -5.0000000  -13.51255  159.64793  187.44219   16.07195  121.06763    4.45681
 -4.9921875  -13.38695  160.59155  187.47517   16.08221  120.49783    3.98557
 -4.9843750  -13.26127  161.53072  187.50448   16.09201  119.92979    3.51796
 -4.9765625  -13.13551  162.46545  187.53015   16.10138  119.36353    3.05394
 -4.9687500  -13.00968  163.39578  187.55220   16.11032  118.79904    2.59344
 -4.9609375  -12.88379  164.32169  187.57068   16.11884  118.23632    2.13644
 -4.9531250  -12.75783  165.24322  187.58560   16.12694  117.67538    1.68288
 -4.9453125  -12.63180  166.16038  187.59698   16.13465  117.11622    1.23271
 -4.9375000  -12.50572  167.07317  187.60486   16.14196  116.55883    0.78590
 -4.9296875  -12.37959  167.98161  187.60927   16.14889  116.00322    0.34239
 -4.9218750  -12.25340  168.88572  187.61022   16.15545  115.44939   -0.09784
 -4.9140625  -12.12716  169.78551  187.60775   16.16164  114.89734   -0.53486
 -4.9062500  -12.00087  170.68100  187.60187   16.16747  114.34706   -0.96869
 -4.8984375  -11.87454  171.57219  187.59262   16.17295  113.79856   -1.39938
 -4.8906250  -11.74817  172.45911  187.58002   16.17809  113.25182   -1.82697
 -4.8828125  -11.62176  173.34176  187.56408   16.18289  112.70686   -2.25150
 -4.8750000  -11.49532  174.22015  187.54485   16.18737  112.16367   -2.67301
 -4.8671875  -11.36884  175.09432  187.52233   16.19152  111.62225   -3.09153
 -4.8593750  -11.24232  175.96426  187.49655   16.19537  111.08259   -3.50711
 -4.8515625  -11.11578  176.82999  187.46753   16.19890  110.54468   -3.91978
 -4.8437500  -10.98922  177.69152  187.43531   16.20214  110.00854   -4.32958
 -4.8359375  -10.86263  178.54888  187.39989   16.20509  109.47415   -4.73655
 -4.8281250  -10.73601  179.40206  187.36131   16.20775  108.94150   -5.14072
 -4.8203125  -10.60938  180.25109  187.31958   16.21013  108.41060   -5.54213
 -4.8125000  -10.48273  181.09598  187.27472   16.21224  107.88144   -5.94080
 -4.8046875  -10.35607  181.93674  187.22676   16.21408  107.35401   -6.33679
 -4.7968750  -10.22939  182.77339  187.17571   16.21566  106.82831   -6.73011
 -4.7890625  -10.10270  183.60594  187.12161   16.21699  106.30434   -7.12080
 -4.7812500   -9.97600  184.43440  187.06446   16.21806  105.78208   -7.50890
 -4.7734375   -9.84929  185.25879  187.00429   16.21889  105.26154   -7.89444
 -4.7656250   -9.72258  186.07912  186.94111   16.21948  104.74270   -8.27745
 -4.7578125   -9.59586  186.89540  186.87496   16.21984  104.22556   -8.65796
 -4.7500000   -9.46914  187.70765  186.80584   16.21997  103.71011   -9.03599
 -4.7421875   -9.34242  188.51587  186.73378   16.21987  103.19634   -9.41159
 -4.7343750   -9.21571  189.32009  186.65879   16.21956  102.68425   -9.78478
 -4.7265625   -9.08899  190.12032  186.58090   16.21903  102.17383  -10.15560
 -4.7187500   -8.96229  190.91656  186.50011   16.21829  101.66507  -10.52406
 -4.7109375   -8.83558  191.70884  186.41646   16.21734  101.15797  -10.89020
 -4.7031250   -8.70889  192.49716  186.32996   16.21619  100.65251  -11.25404
 -4.6953125   -8.58221  193.28154  186.24063   16.21485  100.14869  -11.61562
 -4.6875000   -8.45553  194.06199  186.14847   16.21331   99.64649  -11.97496
 -4.6796875   -8.32887  194.83852  186.05352   16.21158   99.14592  -12.33209
 -4.6718750   -8.20223  195.61115  185.95579   16.20966   98.64695  -12.68703
 -4.6640625   -8.07560  196.37988  185.85529   16.20757   98.14958  -13.03981
 -4.6562500   -7.94899  197.14474  185.75205   16.20529   97.65381  -13.39045
 -4.6484375   -7.82239  197.90573  185.64607   16.20284   97.15961  -13.73899
 -4.6406250   -7.69582  198.66286  185.53738   16.20021   96.66699  -14.08544
 -4.6328125   -7.56926  199.41615  185.42599   16.19742   96.17592  -14.42984
 -4.6250000   -7.44273  200.16562  185.31192   16.19446   95.68641  -14.77219
 -4.6171875   -7.31623  200.91126  185.19518   16.19134   95.19843  -15.11254
 -4.6093750   -7.18974  201.65309  185.07579   16.18805   94.71199  -15.45089
 -4.6015625   -7.06329  202.39114  184.95377   16.18461   94.22706  -15.78728
 -4.5937500   -6.93686  203.12540  184.82912   16.18101   93.74363  -16.12173
 -4.5859375   -6.81046  203.85589  184.70187   16.17726   93.26170  -16.45425
 -4.5781250   -6.68409  204.58261  184.57203   16.17336   92.78125  -16.78488
 -4.5703125   -6.55775  205.30560  184.43961   16.16931   92.30228  -17.11362
 -4.5625000   -6.43145  206.02484  184.30463   16.16512   91.82476  -17.44051
 -4.5546875   -6.30517  206.74036  184.16711   16.16078   91.34868  -17.76557
 -4.5468750   -6.17893  207.45217  184.02705   16.15630   90.87405  -18.08881
 -4.5390625   -6.05273  208.16027  183.88448   16.15167   90.40083  -18.41025
 -4.5312500   -5.92656  208.86468  183.73940   16.14691   89.92902  -18.72992
 -4.5234375   -5.80044  209.56542  183.59183   16.14202   89.45860  -19.04784
 -4.5156250   -5.67435  210.26248  183.44178   16.13698   88.98957  -19.36401
 -4.5078125   -5.54830  210.95588  183.28927   16.13182   88.52191  -19.67847
 -4.5000000   -5.42229  211.64564  183.13431   16.12652   88.05560  -19.99124
 -4.4921875   -5.29632  212.33175  182.97691   16.12108   87.59063  -20.30232
 -4.4843750   -5.17039  213.01424  182.81709   16.11552   87.12699  -20.61174
 -4.4765625   -5.04451  213.69312  182.65485   16.10983   86.66466  -20.91951
 -4.4687500   -4.91868  214.36838  182.49022   16.10401   86.20364  -21.22566
 -4.4609375   -4.79289  215.04005  182.32321   16.09806   85.74389  -21.53020
 -4.4531250   -4.66715  215.70813  182.15382   16.09199   85.28542  -21.83315
 -4.4453125   -4.54145  216.37264  181.98207   16.08579   84.82820  -22.13452
 -4.4375000   -4.41581  217.03358  181.80797   16.07946   84.37222  -22.43433
 -4.4296875   -4.29021  217.69096  181.63154   16.07301   83.91747  -22.73260
 -4.4218750   -4.16467  218.34479  181.45278   16.06644   83.46392  -23.02934
 -4.4140625   -4.03917  218.99509  181.27171   16.05974   83.01158  -23.32457
 -4.4062500   -3.91373  219.64185  181.08834   16.05292   82.56040  -23.61830
 -4.3984375   -3.78835  220.28510  180.90267   16.04597   82.11040  -23.91055
 -4.3906250   -3.66301  220.92483  180.71474   16.03890   81.66153  -24.20134
 -4.3828125   -3.53774  221.56106  180.52453   16.03170   81.21380  -24.49067
 -4.3750000   -3.41252  222.19380  180.33207   16.02438   80.76719  -24.77856
 -4.3671875   -3.28736  222.82305  180.13737   16.01694   80.32167  -25.06503
 -4.3593750   -3.16226  223.44883  179.94044   16.00937   79.87723  -25.35009
 -4.3515625   -3.03721  224.07113  179.74128   16.00168   79.43386  -25.63375
 -4.3437500   -2.91223  224.68998  179.53991   15.99386   78.99154  -25.91604
 -4.3359375   -2.78731  225.30538  179.33634   15.98592   78.55025  -26.19695
 -4.3281250   -2.66245  225.91733  179.13059   15.97786   78.10998  -26.47650
 -4.3203125   -2.53765  226.52585  178.92265   15.96966   77.67071  -26.75472
 -4.3125000   -2.41292  227.13094  178.71255   15.96135   77.23243  -27.03160
 -4.3046875   -2.28826  227.73261  178.50029   15.95291   76.79512  -27.30717
 -4.2968750   -2.16366  228.33087  178.28588   15.94434   76.35876  -27.58143
 -4.2890625   -2.03913  228.92572  178.06933   15.93564   75.92335  -27.85439
 -4.2812500   -1.91467  229.51717  177.85066   15.92682   75.48886  -28.12608
 -4.2734375   -1.79027  230.10523  177.62986   15.91787   75.05528  -28.39650
 -4.2656250   -1.66595  230.68991  177.40696   15.90880   74.62260  -28.66566
 -4.2578125   -1.54170  231.27121  177.18197   15.89960   74.19079  -28.93357
 -4.2500000   -1.41752  231.84915  176.95488   15.89027   73.75985  -29.20025
 -4.2421875   -1.29341  232.42371  176.72572   15.88081   73.32976  -29.46571
 -4.2343750   -1.16938  232.99493  176.49448   15.87123   72.90051  -29.72996
 -4.2265625   -1.04543  233.56279  176.26119   15.86151   72.47208  -29.99301
 -4.2187500   -0.92155  234.12730  176.02584   15.85167   72.04446  -30.25486
 -4.2109375   -0.79774  234.68848  175.78846   15.84170   71.61763  -30.51554
 -4.2031250   -0.67402  235.24633  175.54904   15.83160   71.19158  -30.77505
 -4.1953125   -0.55037  235.80085  175.30760   15.82137   70.76629  -31.03340
 -4.1875000   -0.42681  236.35206  175.06415   15.81102   70.34175  -31.29060
 -4.1796875   -0.30333  236.89995  174.81869   15.80053   69.91795  -31.54667
 -4.1718750   -0.17993  237.44453  174.57123   15.78991   69.49487  -31.80161
 -4.1640625   -0.05661  237.98581  174.32179   15.77916   69.07250  -32.05543
 -4.1562500    0.06662  238.52379  174.07037   15.76828   68.65083  -32.30814
 -4.1484375    0.18977  239.05848  173.81698   15.75727   68.22984  -32.55976
 -4.1406250    0.31283  239.58988  173.56163   15.74612   67.80952  -32.81028
 -4.1328125    0.43580  240.11800  173.30432   15.73485   67.38985  -33.05973
 -4.1250000    0.55868  240.64285  173.04507   15.72344   66.97083  -33.30810
 -4.1171875    0.68148  241.16442  172.78389   15.71190   66.55244  -33.55542
 -4.1093750    0.80418  241.68273  172.52077   15.70023   66.13466  -33.80168
 -4.1015625    0.92679  242.19778  172.25574   15.68842   65.71748  -34.04689
 -4.0937500    1.04931  242.70957  171.98879   15.67648   65.30090  -34.29107
 -4.0859375    1.17174  243.21811  171.71994   15.66441   64.88490  -34.53423
 -4.0781250    1.29407  243.72340  171.44920   15.65220   64.46946  -34.77637
 -4.0703125    1.41630  244.22544  171.17656   15.63986   64.05457  -35.01750
 -4.0625000    1.53844  244.72425  170.90205   15.62739   63.64023  -35.25762
 -4.0546875    1.66048  245.21982  170.62567   15.61478   63.22641  -35.49676
 -4.0468750    1.78242  245.71216  170.34742   15.60203   62.81312  -35.73490
 -4.0390625    1.90426  246.20128  170.06731   15.58915   62.40032  -35.97207
 -4.0312500    2.02600  246.68717  169.78536   15.57614   61.98802  -36.20827
 -4.0234375    2.14764  247.16984  169.50156   15.56299   61.57620  -36.44351
 -4.0156250    2.26917  247.64930  169.21593   15.54970   61.16485  -36.67779
 -4.0078125    2.39060  248.12555  168.92847   15.53627   60.75396  -36.91113
 -4.0000000    2.51193  248.59858  168.63919   15.52271   60.34351  -37.14353
 -3.9921875    2.63315  249.06841  168.34811   15.50902   59.93350  -37.37499
 -3.9843750    2.75426  249.53504  168.05521   15.49518   59.52392  -37.60553
 -3.9765625    2.87526  249.99848  167.76052   15.48121   59.11474  -37.83515
 -3.9687500    2.99615  250.45871  167.46404   15.46710   58.70597  -38.06386
 -3.9609375    3.11693  250.91576  167.16578   15.45285   58.29759  -38.29167
 -3.9531250    3.23760  251.36961  166.86574   15.43847   57.88959  -38.51857
 -3.9453125    3.35816  251.82028  166.56393   15.42395   57.48195  -38.74459
 -3.9375000    3.47860  252.26777  166.26035   15.40928   57.07468  -38.96972
 -3.9296875    3.59893  252.71208  165.95503   15.39448   56.66775  -39.19397
 -3.9218750    3.71914  253.15320  165.64795   15.37955   56.26116  -39.41735
 -3.9140625    3.83923  253.59116  165.33913   15.36447   55.85490  -39.63987
 -3.9062500    3.95921  254.02594  165.02858   15.34925   55.44896  -39.86152
 -3.8984375    4.07906  254.45755  164.71630   15.33390   55.04332  -40.08232
 -3.8906250    4.19880  254.88599  164.40230   15.31840   54.63798  -40.30228
 -3.8828125    4.31841  255.31127  164.08658   15.30277   54.23293  -40.52139
 -3.8750000    4.43790  255.73338  163.76915   15.28699   53.82815  -40.73967
 -3.8671875    4.55727  256.15233  163.45002   15.27108   53.42364  -40.95711
 -3.8593750    4.67651  256.56813  163.12920   15.25503   53.01939  -41.17373
 -3.8515625    4.79563  256.98076  162.80669   15.23884   52.61539  -41.38954
 -3.8437500    4.91462  257.39024  162.48249   15.22250   52.21163  -41.60453
 -3.8359375    5.03348  257.79657  162.15662   15.20603   51.80809  -41.81871
 -3.8281250    5.15221  258.19974  161.82907   15.18942   51.40478  -42.03209
 -3.8203125    5.27082  258.59977  161.49987   15.17266   51.00168  -42.24467
 -3.8125000    5.38929  258.99665  161.16900   15.15577   50.59878  -42.45646
 -3.8046875    5.50763  259.39038  160.83649   15.13873   50.19607  -42.66746
 -3.7968750    5.62583  259.78096  160.50233   15.12156   49.79355  -42.87768
 -3.7890625    5.74390  260.16840  160.16653   15.10425   49.39121  -43.08712
 -3.7812500    5.86183  260.55270  159.82909   15.08679   48.98903  -43.29579
 -3.7734375    5.97963  260.93386  159.49003   15.06919   48.58702  -43.50369
 -3.7656250    6.09729  261.31187  159.14935   15.05146   48.18515  -43.71083
 -3.7578125    6.21481  261.68675  158.80705   15.03358   47.78343  -43.91721
 -3.7500000    6.33219  262.05849  158.46314   15.01557   47.38184  -44.12284
 -3.7421875    6.44943  262.42709  158.11763   14.99741   46.98038  -44.32771
 -3.7343750    6.56652  262.79256  157.77053   14.97911   46.57903  -44.53184
 -3.7265625    6.68347  263.15489  157.42183   14.96067   46.17780  -44.73523
 -3.7187500    6.80028  263.51408  157.07154   14.94210   45.77667  -44.93788
 -3.7109375    6.91694  263.87015  156.71967   14.92338   45.37563  -45.13980
 -3.7031250    7.03346  264.22308  156.36623   14.90452   44.97468  -45.34099
 -3.6953125    7.14983  264.57288  156.01122   14.88552   44.57382  -45.54146
 -3.6875000    7.26605  264.91955  155.65465   14.86639   44.17302  -45.74120
 -3.6796875    7.38211  265.26308  155.29652   14.84711   43.77229  -45.94023
 -3.6718750    7.49803  265.60349  154.93683   14.82769   43.37162  -46.13855
 -3.6640625    7.61380  265.94076  154.57560   14.80814   42.97100  -46.33615
 -3.6562500    7.72941  266.27491  154.21283   14.78844   42.57043  -46.53305
 -3.6484375    7.84487  266.60593  153.84853   14.76861   42.16989  -46.72925
 -3.6406250    7.96017  266.93381  153.48269   14.74864   41.76938  -46.92475
 -3.6328125    8.07531  267.25857  153.11533   14.72853   41.36890  -47.11956
 -3.6250000    8.19030  267.58020  152.74645   14.70828   40.96843  -47.31367
 -3.6171875    8.30513  267.89870  152.37606   14.68789   40.56798  -47.50709
 -3.6093750    8.41980  268.21408  152.00415   14.66737   40.16753  -47.69983
 -3.6015625    8.53431  268.52632  151.63075   14.64670   39.76708  -47.89189
 -3.5937500    8.64865  268.83544  151.25584   14.62590   39.36662  -48.08327
 -3.5859375    8.76284  269.14143  150.87945   14.60497   38.96615  -48.27397
 -3.5781250    8.87686  269.44428  150.50157   14.58389   38.56565  -48.46400
 -3.5703125    8.99071  269.74401  150.12220   14.56268   38.16513  -48.65336
 -3.5625000    9.10440  270.04061  149.74136   14.54134   37.76458  -48.84206
 -3.5546875    9.21792  270.33409  149.35904   14.51985   37.36400  -49.03009
 -3.5468750    9.33127  270.62443  148.97527   14.49823   36.96337  -49.21745
 -3.5390625    9.44445  270.91164  148.59002   14.47648   36.56269  -49.40416
 -3.5312500    9.55746  271.19572  148.20333   14.45459   36.16196  -49.59022
 -3.5234375    9.67030  271.47667  147.81518   14.43257   35.76117  -49.77562
 -3.5156250    9.78297  271.75449  147.42558   14.41041   35.36031  -49.96037
 -3.5078125    9.89547  272.02917  147.03455   14.38812   34.95939  -50.14447
 -3.5000000   10.00779  272.30073  146.64208   14.36570   34.55839  -50.32793
 -3.4921875   10.11993  272.56915  146.24818   14.34314   34.15731  -50.51074
 -3.4843750   10.23190  272.83443  145.85285   14.32045   33.75615  -50.69291
 -3.4765625   10.34369  273.09659  145.45610   14.29763   33.35490  -50.87444
 -3.4687500   10.45530  273.35560  145.05794   14.27468   32.95355  -51.05534
 -3.4609375   10.56673  273.61149  144.65836   14.25160   32.55211  -51.23560
 -3.4531250   10.67798  273.86423  144.25738   14.22838   32.15056  -51.41523
 -3.4453125   10.78905  274.11384  143.85500   14.20504   31.74891  -51.59423
 -3.4375000   10.89993  274.36031  143.45123   14.18156   31.34715  -51.77260
 -3.4296875   11.01063  274.60364  143.04606   14.15796   30.94527  -51.95034
 -3.4218750   11.12115  274.84383  142.63950   14.13423   30.54327  -52.12746
 -3.4140625   11.23148  275.08088  142.23157   14.11037   30.14115  -52.30395
 -3.4062500   11.34162  275.31478  141.82226   14.08638   29.73890  -52.47982
 -3.3984375   11.45158  275.54555  141.41157   14.06227   29.33652  -52.65508
 -3.3906250   11.56135  275.77317  140.99952   14.03803   28.93400  -52.82971
 -3.3828125   11.67092  275.99764  140.58611   14.01367   28.53135  -53.00373
 -3.3750000   11.78031  276.21897  140.17134   13.98918   28.12855  -53.17714
 -3.3671875   11.88950  276.43715  139.75522   13.96456   27.72561  -53.34993
 -3.3593750   11.99851  276.65218  139.33775   13.93983   27.32252  -53.52210
 -3.3515625   12.10731  276.86406  138.91894   13.91497   26.91928  -53.69367
 -3.3437500   12.21593  277.07279  138.49879   13.88998   26.51588  -53.86463
 -3.3359375   12.32434  277.27837  138.07730   13.86488   26.11232  -54.03498
 -3.3281250   12.43257  277.48080  137.65449   13.83965   25.70860  -54.20473
 -3.3203125   12.54059  277.68007  137.23036   13.81431   25.30472  -54.37386
 -3.3125000   12.64841  277.87618  136.80490   13.78884   24.90067  -54.54240
 -3.3046875   12.75604  278.06914  136.37813   13.76326   24.49644  -54.71033
 -3.2968750   12.86346  278.25894  135.95005   13.73756   24.09205  -54.87765
 -3.2890625   12.97069  278.44558  135.52067   13.71174   23.68748  -55.04438
 -3.2812500   13.07771  278.62906  135.08999   13.68580   23.28273  -55.21050
 -3.2734375   13.18453  278.80937  134.65801   13.65975   22.87780  -55.37603
 -3.2656250   13.29114  278.98652  134.22474   13.63358   22.47269  -55.54096
 -3.2578125   13.39755  279.16051  133.79018   13.60730   22.06740  -55.70528
 -3.2500000   13.50376  279.33132  133.35435   13.58091   21.66192  -55.86901
 -3.2421875   13.60975  279.49897  132.91723   13.55440   21.25624  -56.03215
 -3.2343750   13.71554  279.66345  132.47884   13.52779   20.85038  -56.19468
 -3.2265625   13.82113  279.82476  132.03919   13.50106   20.44432  -56.35663
 -3.2187500   13.92650  279.98289  131.59827   13.47422   20.03806  -56.51798
 -3.2109375   14.03166  280.13785  131.15610   13.44727   19.63160  -56.67873
 -3.2031250   14.13661  280.28964  130.71267   13.42021   19.22494  -56.83889
 -3.1953125   14.24135  280.43824  130.26799   13.39304   18.81808  -56.99846
 -3.1875000   14.34588  280.58367  129.82207   13.36576   18.41100  -57.15744
 -3.1796875   14.45019  280.72591  129.37491   13.33837   18.00372  -57.31582
 -3.1718750   14.55429  280.86498  128.92651   13.31088   17.59622  -57.47362
 -3.1640625   14.65817  281.00085  128.47689   13.28328   17.18851  -57.63083
 -3.1562500   14.76184  281.13355  128.02603   13.25557   16.78057  -57.78744
 -3.1484375   14.86529  281.26305  127.57396   13.22776   16.37241  -57.94347
 -3.1406250   14.96852  281.38937  127.12067   13.19984   15.96403  -58.09892
 -3.1328125   15.07154  281.51249  126.66616   13.17182   15.55542  -58.25377
 -3.1250000   15.17433  281.63242  126.21045   13.14369   15.14658  -58.40804
 -3.1171875   15.27691  281.74915  125.75354   13.11545   14.73750  -58.56172
 -3.1093750   15.37926  281.86269  125.29543   13.08711   14.32818  -58.71482
 -3.1015625   15.48139  281.97303  124.83612   13.05867   13.91863  -58.86734
 -3.0937500   15.58330  282.08017  124.37563   13.03012   13.50882  -59.01927
 -3.0859375   15.68499  282.18410  123.91395   13.00147   13.09877  -59.17062
 -3.0781250   15.78645  282.28484  123.45109   12.97271   12.68847  -59.32138
 -3.0703125   15.88769  282.38236  122.98705   12.94385   12.27791  -59.47157
 -3.0625000   15.98870  282.47668  122.52185   12.91488   11.86710  -59.62117
 -3.0546875   16.08948  282.56778  122.05547   12.88581   11.45602  -59.77020
 -3.0468750   16.19004  282.65568  121.58794   12.85664   11.04468  -59.91864
 -3.0390625   16.29037  282.74036  121.11925   12.82736   10.63306  -60.06650
 -3.0312500   16.39047  282.82182  120.64940   12.79797   10.22118  -60.21379
 -3.0234375   16.49033  282.90006  120.17841   12.76849    9.80902  -60.36049
 -3.0156250   16.58997  282.97508  119.70627   12.73890    9.39657  -60.50662
 -3.0078125   16.68938  283.04688  119.23299   12.70920    8.98385  -60.65217
 -3.0000000   16.78855  283.11546  118.75858   12.67940    8.57083  -60.79715
 -2.9921875   16.88750  283.18080  118.28304   12.64949    8.15752  -60.94155
 -2.9843750   16.98620  283.24292  117.80637   12.61948    7.74392  -61.08537
 -2.9765625   17.08467  283.30180  117.32858   12.58936    7.33001  -61.22862
 -2.9687500   17.18291  283.35745  116.84968   12.55914    6.91580  -61.37129
 -2.9609375   17.28091  283.40986  116.36966   12.52881    6.50128  -61.51339
 -2.9531250   17.37867  283.45903  115.88853   12.49837    6.08645  -61.65492
 -2.9453125   17.47620  283.50496  115.40630   12.46783    5.67130  -61.79587
 -2.9375000   17.57348  283.54764  114.92297   12.43718    5.25583  -61.93626
 -2.9296875   17.67053  283.58708  114.43855   12.40642    4.84003  -62.07607
 -2.9218750   17.76733  283.62327  113.95303   12.37555    4.42390  -62.21530
 -2.9140625   17.86390  283.65620  113.46643   12.34458    4.00744  -62.35397
 -2.9062500   17.96022  283.68588  112.97875   12.31349    3.59063  -62.49207
 -2.8984375   18.05629  283.71230  112.49000   12.28229    3.17348  -62.62959
 -2.8906250   18.15213  283.73547  112.00017   12.25099    2.75598  -62.76655
 -2.8828125   18.24771  283.75537  111.50927   12.21957    2.33813  -62.90294
 -2.8750000   18.34306  283.77200  111.01731   12.18804    1.91992  -63.03876
 -2.8671875   18.43815  283.78536  110.52429   12.15639    1.50134  -63.17401
 -2.8593750   18.53300  283.79546  110.03022   12.12464    1.08240  -63.30869
 -2.8515625   18.62760  283.80227  109.53510   12.09277    0.66308  -63.44281
 -2.8437500   18.72195  283.80582  109.03893   12.06078    0.24338  -63.57635
 -2.8359375   18.81605  283.80608  108.54172   12.02868   -0.17670  -63.70934
 -2.8281250   18.90990  283.80305  108.04347   11.99646   -0.59717  -63.84175
 -2.8203125   19.00349  283.79674  107.54419   11.96412   -1.01804  -63.97360
 -2.8125000   19.09684  283.78715  107.04388   11.93166   -1.43931  -64.10488
 -2.8046875   19.18993  283.77425  106.54255   11.89909   -1.86098  -64.23560
 -2.7968750   19.28276  283.75807  106.04020   11.86639   -2.28306  -64.36575
 -2.7890625   19.37534  283.73858  105.53684   11.83357   -2.70556  -64.49534
 -2.7812500   19.46766  283.71579  105.03247   11.80063   -3.12849  -64.62437
 -2.7734375   19.55972  283.68970  104.52709   11.76757   -3.55184  -64.75283
 -2.7656250   19.65153  283.66029  104.02070   11.73438   -3.97563  -64.88072
 -2.7578125   19.74307  283.62758  103.51333   11.70106   -4.39985  -65.00805
 -2.7500000   19.83436  283.59154  103.00496   11.66762   -4.82452  -65.13482
 -2.7421875   19.92538  283.55219  102.49560   11.63404   -5.24965  -65.26103
 -2.7343750   20.01614  283.50952  101.98525   11.60034   -5.67523  -65.38667
 -2.7265625   20.10663  283.46352  101.47393   11.56651   -6.10128  -65.51176
 -2.7187500   20.19686  283.41418  100.96163   11.53254   -6.52779  -65.63628
 -2.7109375   20.28683  283.36152  100.44837   11.49844   -6.95479  -65.76023
 -2.7031250   20.37653  283.30551   99.93413   11.46420   -7.38226  -65.88363
 -2.6953125   20.46596  283.24617   99.41894   11.42983   -7.81023  -66.00646
 -2.6875000   20.55512  283.18348   98.90278   11.39532   -8.23869  -66.12874
 -2.6796875   20.64401  283.11744   98.38567   11.36067   -8.66765  -66.25045
 -2.6718750   20.73263  283.04804   97.86762   11.32587   -9.09713  -66.37160
 -2.6640625   20.82097  282.97529   97.34862   11.29094   -9.52712  -66.49219
 -2.6562500   20.90905  282.89918   96.82868   11.25586   -9.95763  -66.61222
 -2.6484375   20.99685  282.81970   96.30781   11.22063  -10.38868  -66.73168
 -2.6406250   21.08437  282.73686   95.78600   11.18525  -10.82026  -66.85059
 -2.6328125   21.17162  282.65064   95.26327   11.14973  -11.25238  -66.96894
 -2.6250000   21.25858  282.56104   94.73961   11.11405  -11.68506  -67.08673
 -2.6171875   21.34527  282.46806   94.21504   11.07822  -12.11829  -67.20395
 -2.6093750   21.43168  282.37169   93.68955   11.04223  -12.55210  -67.32062
 -2.6015625   21.51781  282.27193   93.16315   11.00609  -12.98647  -67.43672
 -2.5937500   21.60365  282.16877   92.63585   10.96979  -13.42143  -67.55227
 -2.5859375   21.68921  282.06222   92.10765   10.93333  -13.85698  -67.66725
 -2.5781250   21.77448  281.95226   91.57855   10.89670  -14.29312  -67.78167
 -2.5703125   21.85947  281.83888   91.04857   10.85991  -14.72987  -67.89554
 -2.5625000   21.94417  281.72210   90.51769   10.82295  -15.16723  -68.00884
 -2.5546875   22.02858  281.60190   89.98593   10.78583  -15.60521  -68.12158
 -2.5468750   22.11270  281.47827   89.45329   10.74853  -16.04382  -68.23376
 -2.5390625   22.19652  281.35121   88.91978   10.71106  -16.48306  -68.34538
 -2.5312500   22.28006  281.22072   88.38539   10.67341  -16.92296  -68.45644
 -2.5234375   22.36329  281.08679   87.85015   10.63558  -17.36350  -68.56694
 -2.5156250   22.44624  280.94941   87.31404   10.59758  -17.80471  -68.67688
 -2.5078125   22.52888  280.80859   86.77707   10.55939  -18.24659  -68.78625
 -2.5000000   22.61123  280.66431   86.23925   10.52101  -18.68915  -68.89506
 -2.4921875   22.69327  280.51657   85.70059   10.48245  -19.13239  -69.00331
 -2.4843750   22.77501  280.36536   85.16108   10.44370  -19.57634  -69.11100
 -2.4765625   22.85645  280.21068   84.62073   10.40476  -20.02099  -69.21812
 -2.4687500   22.93759  280.05253   84.07955   10.36562  -20.46635  -69.32468
 -2.4609375   23.01842  279.89090   83.53753   10.32628  -20.91245  -69.43068
 -2.4531250   23.09894  279.72577   82.99469   10.28675  -21.35927  -69.53611
 -2.4453125   23.17915  279.55715   82.45103   10.24701  -21.80684  -69.64098
 -2.4375000   23.25905  279.38504   81.90656   10.20706  -22.25516  -69.74528
 -2.4296875   23.33863  279.20942   81.36126   10.16691  -22.70425  -69.84902
 -2.4218750   23.41790  279.03028   80.81517   10.12654  -23.15411  -69.95219
 -2.4140625   23.49686  278.84763   80.26826   10.08596  -23.60475  -70.05479
 -2.4062500   23.57550  278.66146   79.72056   10.04517  -24.05619  -70.15683
 -2.3984375   23.65381  278.47175   79.17206   10.00415  -24.50842  -70.25830
 -2.3906250   23.73181  278.27851   78.62278    9.96291  -24.96148  -70.35920
 -2.3828125   23.80948  278.08173   78.07270    9.92145  -25.41535  -70.45953
 -2.3750000   23.88683  277.88139   77.52185    9.87976  -25.87006  -70.55929
 -2.3671875   23.96385  277.67750   76.97022    9.83783  -26.32562  -70.65848
 -2.3593750   24.04055  277.47005   76.41781    9.79567  -26.78203  -70.75710
 -2.3515625   24.11691  277.25903   75.86464    9.75327  -27.23931  -70.85514
 -2.3437500   24.19294  277.04444   75.31070    9.71063  -27.69746  -70.95262
 -2.3359375   24.26864  276.82626   74.75600    9.66774  -28.15651  -71.04951
 -2.3281250   24.34400  276.60449   74.20055    9.62461  -28.61645  -71.14584
 -2.3203125   24.41902  276.37912   73.64435    9.58122  -29.07731  -71.24158
 -2.3125000   24.49371  276.15015   73.08741    9.53758  -29.53909  -71.33675
 -2.3046875   24.56805  275.91757   72.52972    9.49368  -30.00181  -71.43134
 -2.2968750   24.64204  275.68137   71.97129    9.44952  -30.46547  -71.52535
 -2.2890625   24.71569  275.44155   71.41214    9.40509  -30.93009  -71.61878
 -2.2812500   24.78900  275.19809   70.85225    9.36039  -31.39569  -71.71163
 -2.2734375   24.86195  274.95099   70.29164    9.31542  -31.86226  -71.80389
 -2.2656250   24.93455  274.70024   69.73032    9.27017  -32.32984  -71.89557
 -2.2578125   25.00680  274.44583   69.16828    9.22464  -32.79842  -71.98666
 -2.2500000   25.07868  274.18776   68.60553    9.17883  -33.26803  -72.07717
 -2.2421875   25.15021  273.92601   68.04207    9.13273  -33.73866  -72.16708
 -2.2343750   25.22138  273.66059   67.47792    9.08633  -34.21035  -72.25641
 -2.2265625   25.29219  273.39147   66.91307    9.03964  -34.68310  -72.34514
 -2.2187500   25.36263  273.11866   66.34753    8.99265  -35.15692  -72.43328
 -2.2109375   25.43270  272.84215   65.78130    8.94535  -35.63183  -72.52082
 -2.2031250   25.50240  272.56191   65.21439    8.89775  -36.10784  -72.60777
 -2.1953125   25.57172  272.27796   64.64680    8.84983  -36.58497  -72.69411
 -2.1875000   25.64067  271.99027   64.07855    8.80159  -37.06322  -72.77986
 -2.1796875   25.70925  271.69884   63.50962    8.75304  -37.54262  -72.86500
 -2.1718750   25.77744  271.40366   62.94003    8.70415  -38.02318  -72.94953
 -2.1640625   25.84525  271.10473   62.36978    8.65494  -38.50491  -73.03346
 -2.1562500   25.91267  270.80202   61.79889    8.60539  -38.98783  -73.11678
 -2.1484375   25.97971  270.49554   61.22734    8.55550  -39.47195  -73.19948
 -2.1406250   26.04635  270.18527   60.65514    8.50527  -39.95728  -73.28157
 -2.1328125   26.11260  269.87120   60.08231    8.45468  -40.44385  -73.36305
 -2.1250000   26.17845  269.55333   59.50885    8.40375  -40.93167  -73.44390
 -2.1171875   26.24391  269.23164   58.93475    8.35246  -41.42075  -73.52413
 -2.1093750   26.30896  268.90613   58.36004    8.30080  -41.91110  -73.60374
 -2.1015625   26.37361  268.57678   57.78470    8.24878  -42.40275  -73.68272
 -2.0937500   26.43785  268.24358   57.20875    8.19639  -42.89571  -73.76107
 -2.0859375   26.50168  267.90653   56.63218    8.14363  -43.38999  -73.83878
 -2.0781250   26.56509  267.56561   56.05502    8.09048  -43.88561  -73.91585
 -2.0703125   26.62809  267.22081   55.47725    8.03695  -44.38258  -73.99229
 -2.0625000   26.69067  266.87213   54.89889    7.98304  -44.88093  -74.06808
 -2.0546875   26.75282  266.51954   54.31994    7.92873  -45.38066  -74.14322
 -2.0468750   26.81455  266.16305   53.74040    7.87403  -45.88179  -74.21770
 -2.0390625   26.87585  265.80264   53.16029    7.81892  -46.38434  -74.29154
 -2.0312500   26.93672  265.43829   52.57960    7.76341  -46.88833  -74.36471
 -2.0234375   26.99715  265.07000   51.99834    7.70749  -47.39377  -74.43722
 -2.0156250   27.05715  264.69776   51.41652    7.65116  -47.90067  -74.50906
 -2.0078125   27.11670  264.32155   50.83414    7.59441  -48.40906  -74.58022
 -2.0000000   27.17581  263.94137   50.25120    7.53724  -48.91895  -74.65071
 -1.9921875   27.23447  263.55719   49.66772    7.47964  -49.43035  -74.72052
 -1.9843750   27.29268  263.16901   49.08370    7.42161  -49.94329  -74.78964
 -1.9765625   27.35043  262.77682   48.49914    7.36315  -50.45779  -74.85806
 -1.9687500   27.40773  262.38061   47.91404    7.30424  -50.97385  -74.92579
 -1.9609375   27.46456  261.98035   47.32842    7.24490  -51.49149  -74.99282
 -1.9531250   27.52093  261.57605   46.74228    7.18510  -52.01074  -75.05914
 -1.9453125   27.57683  261.16768   46.15563    7.12486  -52.53161  -75.12474
 -1.9375000   27.63225  260.75524   45.56846    7.06416  -53.05412  -75.18962
 -1.9296875   27.68720  260.33870   44.98079    7.00300  -53.57829  -75.25378
 -1.9218750   27.74167  259.91807   44.39262    6.94137  -54.10413  -75.31721
 -1.9140625   27.79566  259.49332   43.80396    6.87928  -54.63166  -75.37989
 -1.9062500   27.84916  259.06445   43.21481    6.81671  -55.16091  -75.44183
 -1.8984375   27.90217  258.63143   42.62518    6.75367  -55.69188  -75.50302
 -1.8906250   27.95469  258.19426   42.03508    6.69014  -56.22461  -75.56345
 -1.8828125   28.00670  257.75291   41.44451    6.62613  -56.75910  -75.62312
 -1.8750000   28.05822  257.30739   40.85347    6.56163  -57.29538  -75.68201
 -1.8671875   28.10923  256.85767   40.26198    6.49663  -57.83347  -75.74012
 -1.8593750   28.15973  256.40374   39.67003    6.43113  -58.37338  -75.79744
 -1.8515625   28.20971  255.94558   39.07764    6.36514  -58.91514  -75.85397
 -1.8437500   28.25918  255.48318   38.48482    6.29863  -59.45877  -75.90969
 -1.8359375   28.30813  255.01653   37.89156    6.23161  -60.00428  -75.96460
 -1.8281250   28.35655  254.54561   37.29787    6.16408  -60.55170  -76.01868
 -1.8203125   28.40444  254.07041   36.70377    6.09602  -61.10104  -76.07194
 -1.8125000   28.45180  253.59090   36.10925    6.02744  -61.65234  -76.12436
 -1.8046875   28.49862  253.10708   35.51433    5.95833  -62.20560  -76.17593
 -1.7968750   28.54489  252.61894   34.91900    5.88868  -62.76086  -76.22664
 -1.7890625   28.59063  252.12644   34.32329    5.81850  -63.31813  -76.27648
 -1.7812500   28.63581  251.62958   33.72719    5.74777  -63.87743  -76.32544
 -1.7734375   28.68043  251.12835   33.13070    5.67649  -64.43879  -76.37352
 -1.7656250   28.72450  250.62272   32.53385    5.60466  -65.00223  -76.42069
 -1.7578125   28.76800  250.11269   31.93663    5.53227  -65.56777  -76.46696
 -1.7500000   28.81094  249.59822   31.33906    5.45932  -66.13543  -76.51230
 -1.7421875   28.85330  249.07931   30.74113    5.38580  -66.70524  -76.55671
 -1.7343750   28.89509  248.55595   30.14286    5.31171  -67.27723  -76.60018
 -1.7265625   28.93630  248.02810   29.54426    5.23705  -67.85140  -76.64269
 -1.7187500   28.97692  247.49576   28.94532    5.16180  -68.42780  -76.68424
 -1.7109375   29.01695  246.95891   28.34607    5.08596  -69.00644  -76.72480
 -1.7031250   29.05639  246.41753   27.74650    5.00953  -69.58735  -76.76437
 -1.6953125   29.09522  245.87160   27.14663    4.93250  -70.17056  -76.80293
 -1.6875000   29.13345  245.32111   26.54646    4.85487  -70.75608  -76.84047
 -1.6796875   29.17108  244.76603   25.94600    4.77664  -71.34395  -76.87697
 -1.6718750   29.20809  244.20635   25.34526    4.69779  -71.93419  -76.91243
 -1.6640625   29.24448  243.64205   24.74424    4.61832  -72.52682  -76.94682
 -1.6562500   29.28025  243.07312   24.14297    4.53822  -73.12188  -76.98013
 -1.6484375   29.31539  242.49952   23.54143    4.45750  -73.71939  -77.01235
 -1.6406250   29.34989  241.92124   22.93965    4.37615  -74.31938  -77.04346
 -1.6328125   29.38376  241.33827   22.33763    4.29415  -74.92187  -77.07344
 -1.6250000   29.41699  240.75058   21.73538    4.21150  -75.52690  -77.10228
 -1.6171875   29.44957  240.15816   21.13291    4.12821  -76.13450  -77.12995
 -1.6093750   29.48149  239.56098   20.53023    4.04425  -76.74468  -77.15645
 -1.6015625   29.51276  238.95902   19.92734    3.95963  -77.35749  -77.18176
 -1.5937500   29.54336  238.35226   19.32427    3.87434  -77.97295  -77.20584
 -1.5859375   29.57329  237.74068   18.72101    3.78838  -78.59109  -77.22870
 -1.5781250   29.60255  237.12426   18.11757    3.70173  -79.21195  -77.25031
 -1.5703125   29.63113  236.50299   17.51397    3.61439  -79.83555  -77.27064
 -1.5625000   29.65902  235.87683   16.91022    3.52636  -80.46192  -77.28968
 -1.5546875   29.68623  235.24576   16.30633    3.43762  -81.09110  -77.30740
 -1.5468750   29.71273  234.60977   15.70230    3.34818  -81.72313  -77.32379
 -1.5390625   29.73854  233.96883   15.09814    3.25802  -82.35803  -77.33883
 -1.5312500   29.76364  233.32292   14.49388    3.16713  -82.99584  -77.35249
 -1.5234375   29.78802  232.67201   13.88952    3.07552  -83.63659  -77.36474
 -1.5156250   29.81169  232.01609   13.28506    2.98317  -84.28031  -77.37557
 -1.5078125   29.83463  231.35513   12.68053    2.89007  -84.92705  -77.38495
 -1.5000000   29.85685  230.68910   12.07592    2.79622  -85.57684  -77.39285
 -1.4921875   29.87832  230.01798   11.47127    2.70162  -86.22971  -77.39926
 -1.4843750   29.89906  229.34175   10.86657    2.60624  -86.88570  -77.40414
 -1.4765625   29.91904  228.66038   10.26183    2.51009  -87.54486  -77.40747
 -1.4687500   29.93828  227.97385    9.65708    2.41315  -88.20721  -77.40921
 -1.4609375   29.95675  227.28214    9.05232    2.31543  -88.87279  -77.40935
 -1.4531250   29.97445  226.58521    8.44756    2.21690  -89.54165  -77.40786
 -1.4453125   29.99138  225.88304    7.84282    2.11756  -90.21383  -77.40469
 -1.4375000   30.00754  225.17561    7.23812    2.01741  -90.88937  -77.39983
 -1.4296875   30.02290  224.46288    6.63346    1.91642  -91.56830  -77.39325
 -1.4218750   30.03748  223.74484    6.02885    1.81461  -92.25067  -77.38490
 -1.4140625   30.05126  223.02146    5.42432    1.71194  -92.93652  -77.37476
 -1.4062500   30.06423  222.29270    4.81988    1.60842  -93.62590  -77.36279
 -1.3984375   30.07638  221.55854    4.21553    1.50404  -94.31886  -77.34897
 -1.3906250   30.08772  220.81896    3.61130    1.39878  -95.01542  -77.33325
 -1.3828125   30.09824  220.07392    3.00720    1.29263  -95.71565  -77.31560
 -1.3750000   30.10792  219.32339    2.40325    1.18559  -96.41958  -77.29598
 -1.3671875   30.11676  218.56735    1.79946    1.07764  -97.12727  -77.27435
 -1.3593750   30.12475  217.80577    1.19585    0.96878  -97.83876  -77.25068
 -1.3515625   30.13190  217.03861    0.59242    0.85899  -98.55411  -77.22492
 -1.3437500   30.13817  216.26585   -0.01079    0.74825  -99.27335  -77.19703
 -1.3359375   30.14358  215.48746   -0.61377    0.63656  -99.99655  -77.16698
 -1.3281250   30.14812  214.70339   -1.21652    0.52391 -100.72375  -77.13471
 -1.3203125   30.15177  213.91364   -1.81900    0.41029 -101.45500  -77.10019
 -1.3125000   30.15453  213.11815   -2.42120    0.29567 -102.19036  -77.06336
 -1.3046875   30.15639  212.31690   -3.02311    0.18005 -102.92989  -77.02418
 -1.2968750   30.15734  211.50986   -3.62470    0.06342 -103.67364  -76.98261
 -1.2890625   30.15737  210.69699   -4.22595   -0.05425 -104.42166  -76.93858
 -1.2812500   30.15649  209.87826   -4.82686   -0.17296 -105.17401  -76.89206
 -1.2734375   30.15467  209.05363   -5.42739   -0.29272 -105.93076  -76.84299
 -1.2656250   30.15191  208.22308   -6.02752   -0.41356 -106.69195  -76.79132
 -1.2578125   30.14820  207.38656   -6.62724   -0.53548 -107.45765  -76.73698
 -1.2500000   30.14354  206.54404   -7.22653   -0.65851 -108.22793  -76.67994
 -1.2421875   30.13791  205.69549   -7.82536   -0.78265 -109.00284  -76.62011
 -1.2343750   30.13131  204.84086   -8.42371   -0.90793 -109.78245  -76.55746
 -1.2265625   30.12372  203.98012   -9.02156   -1.03436 -110.56683  -76.49191
 -1.2187500   30.11514  203.11324   -9.61889   -1.16196 -111.35603  -76.42340
 -1.2109375   30.10556  202.24017  -10.21567   -1.29075 -112.15013  -76.35187
 -1.2031250   30.09497  201.36088  -10.81188   -1.42073 -112.94920  -76.27725
 -1.1953125   30.08336  200.47533  -11.40749   -1.55195 -113.75331  -76.19948
 -1.1875000   30.07072  199.58347  -12.00249   -1.68440 -114.56253  -76.11848
 -1.1796875   30.05704  198.68528  -12.59684   -1.81811 -115.37692  -76.03417
 -1.1718750   30.04231  197.78070  -13.19051   -1.95311 -116.19658  -75.94650
 -1.1640625   30.02652  196.86969  -13.78349   -2.08941 -117.02156  -75.85537
 -1.1562500   30.00966  195.95222  -14.37574   -2.22703 -117.85196  -75.76071
 -1.1484375   29.99172  195.02824  -14.96724   -2.36599 -118.68784  -75.66245
 -1.1406250   29.97269  194.09771  -15.55796   -2.50633 -119.52929  -75.56049
 -1.1328125   29.95255  193.16058  -16.14787   -2.64805 -120.37639  -75.45474
 -1.1250000   29.93131  192.21681  -16.73693   -2.79118 -121.22923  -75.34514
 -1.1171875   29.90894  191.26636  -17.32512   -2.93576 -122.08788  -75.23157
 -1.1093750   29.88543  190.30917  -17.91241   -3.08179 -122.95244  -75.11395
 -1.1015625   29.86078  189.34521  -18.49877   -3.22932 -123.82299  -74.99218
 -1.0937500   29.83497  188.37442  -19.08416   -3.37836 -124.69962  -74.86617
 -1.0859375   29.80799  187.39676  -19.66854   -3.52894 -125.58243  -74.73580
 -1.0781250   29.77983  186.41218  -20.25189   -3.68109 -126.47151  -74.60098
 -1.0703125   29.75047  185.42063  -20.83417   -3.83484 -127.36696  -74.46160
 -1.0625000   29.71990  184.42206  -21.41534   -3.99022 -128.26887  -74.31754
 -1.0546875   29.68812  183.41641  -21.99537   -4.14726 -129.17734  -74.16869
 -1.0468750   29.65510  182.40364  -22.57421   -4.30599 -130.09248  -74.01494
 -1.0390625   29.62083  181.38370  -23.15184   -4.46644 -131.01439  -73.85615
 -1.0312500   29.58530  180.35652  -23.72820   -4.62864 -131.94316  -73.69222
 -1.0234375   29.54850  179.32207  -24.30327   -4.79264 -132.87892  -73.52301
 -1.0156250   29.51041  178.28027  -24.87699   -4.95847 -133.82175  -73.34840
 -1.0078125   29.47102  177.23108  -25.44932   -5.12615 -134.77179  -73.16825
 -1.0000000   29.43031  176.17444  -26.02022   -5.29574 -135.72913  -72.98243
 -0.9921875   29.38827  175.11030  -26.58966   -5.46727 -136.69389  -72.79081
 -0.9843750   29.34488  174.03858  -27.15757   -5.64078 -137.66618  -72.59324
 -0.9765625   29.30013  172.95924  -27.72391   -5.81632 -138.64613  -72.38958
 -0.9687500   29.25400  171.87222  -28.28864   -5.99392 -139.63385  -72.17968
 -0.9609375   29.20647  170.77744  -28.85170   -6.17363 -140.62945  -71.96340
 -0.9531250   29.15753  169.67486  -29.41305   -6.35550 -141.63308  -71.74057
 -0.9453125   29.10716  168.56441  -29.97263   -6.53958 -142.64484  -71.51103
 -0.9375000   29.05534  167.44601  -30.53039   -6.72591 -143.66486  -71.27463
 -0.9296875   29.00206  166.31962  -31.08628   -6.91455 -144.69329  -71.03118
 -0.9218750   28.94730  165.18516  -31.64023   -7.10554 -145.73024  -70.78052
 -0.9140625   28.89103  164.04256  -32.19220   -7.29895 -146.77585  -70.52247
 -0.9062500   28.83324  162.89176  -32.74213   -7.49483 -147.83026  -70.25684
 -0.8984375   28.77392  161.73269  -33.28995   -7.69323 -148.89361  -69.98343
 -0.8906250   28.71303  160.56528  -33.83560   -7.89422 -149.96604  -69.70206
 -0.8828125   28.65056  159.38945  -34.37902   -8.09785 -151.04769  -69.41252
 -0.8750000   28.58649  158.20513  -34.92015   -8.30420 -152.13871  -69.11459
 -0.8671875   28.52080  157.01226  -35.45891   -8.51333 -153.23924  -68.80806
 -0.8593750   28.45347  155.81074  -35.99525   -8.72530 -154.34944  -68.49270
 -0.8515625   28.38446  154.60052  -36.52909   -8.94019 -155.46947  -68.16827
 -0.8437500   28.31377  153.38151  -37.06035   -9.15806 -156.59948  -67.83455
 -0.8359375   28.24136  152.15363  -37.58898   -9.37900 -157.73963  -67.49126
 -0.8281250   28.16721  150.91680  -38.11488   -9.60308 -158.89008  -67.13816
 -0.8203125   28.09130  149.67094  -38.63798   -9.83039 -160.05100  -66.77498
 -0.8125000   28.01360  148.41597  -39.15821  -10.06100 -161.22256  -66.40143
 -0.8046875   27.93409  147.15181  -39.67548  -10.29499 -162.40492  -66.01722
 -0.7968750   27.85273  145.87837  -40.18970  -10.53247 -163.59827  -65.62205
 -0.7890625   27.76951  144.59556  -40.70079  -10.77352 -164.80277  -65.21561
 -0.7812500   27.68439  143.30330  -41.20867  -11.01824 -166.01862  -64.79757
 -0.7734375   27.59734  142.00149  -41.71323  -11.26671 -167.24598  -64.36759
 -0.7656250   27.50834  140.69005  -42.21438  -11.51906 -168.48505  -63.92532
 -0.7578125   27.41735  139.36888  -42.71203  -11.77537 -169.73602  -63.47039
 -0.7500000   27.32434  138.03789  -43.20607  -12.03576 -170.99908  -63.00242
 -0.7421875   27.22928  136.69699  -43.69640  -12.30035 -172.27441  -62.52100
 -0.7343750   27.13213  135.34607  -44.18292  -12.56924 -173.56223  -62.02572
 -0.7265625   27.03287  133.98504  -44.66552  -12.84256 -174.86272  -61.51615
 -0.7187500   26.93145  132.61381  -45.14407  -13.12044 -176.17609  -60.99184
 -0.7109375   26.82785  131.23226  -45.61848  -13.40299 -177.50254  -60.45231
 -0.7031250   26.72202  129.84029  -46.08860  -13.69037 -178.84229  -59.89707
 -0.6953125   26.61393  128.43781  -46.55433  -13.98269 -180.19553  -59.32561
 -0.6875000   26.50353  127.02470  -47.01552  -14.28012 -181.56248  -58.73738
 -0.6796875   26.39079  125.60086  -47.47205  -14.58279 -182.94335  -58.13183
 -0.6718750   26.27566  124.16618  -47.92378  -14.89086 -184.33835  -57.50838
 -0.6640625   26.15810  122.72054  -48.37057  -15.20450 -185.74771  -56.86639
 -0.6562500   26.03807  121.26383  -48.81227  -15.52385 -187.17163  -56.20524
 -0.6484375   25.91553  119.79594  -49.24873  -15.84911 -188.61032  -55.52425
 -0.6406250   25.79041  118.31676  -49.67978  -16.18044 -190.06402  -54.82272
 -0.6328125   25.66269  116.82615  -50.10528  -16.51803 -191.53292  -54.09990
 -0.6250000   25.53230  115.32401  -50.52504  -16.86208 -193.01725  -53.35503
 -0.6171875   25.39920  113.81022  -50.93889  -17.21277 -194.51721  -52.58731
 -0.6093750   25.26334  112.28464  -51.34665  -17.57031 -196.03301  -51.79587
 -0.6015625   25.12465  110.74716  -51.74814  -17.93492 -197.56486  -50.97983
 -0.5937500   24.98308  109.19765  -52.14315  -18.30682 -199.11296  -50.13827
 -0.5859375   24.83858  107.63598  -52.53148  -18.68623 -200.67750  -49.27020
 -0.5781250   24.69109  106.06202  -52.91292  -19.07339 -202.25867  -48.37459
 -0.5703125   24.54054  104.47564  -53.28726  -19.46856 -203.85665  -47.45037
 -0.5625000   24.38687  102.87671  -53.65426  -19.87198 -205.47160  -46.49641
 -0.5546875   24.23002  101.26510  -54.01368  -20.28392 -207.10369  -45.51151
 -0.5468750   24.06991   99.64067  -54.36529  -20.70465 -208.75306  -44.49445
 -0.5390625   23.90649   98.00329  -54.70882  -21.13444 -210.41985  -43.44394
 -0.5312500   23.73966   96.35282  -55.04401  -21.57358 -212.10419  -42.35863
 -0.5234375   23.56937   94.68912  -55.37058  -22.02234 -213.80618  -41.23715
 -0.5156250   23.39554   93.01205  -55.68824  -22.48102 -215.52593  -40.07805
 -0.5078125   23.21808   91.32148  -55.99670  -22.94991 -217.26350  -38.87981
 -0.5000000   23.03692   89.61726  -56.29563  -23.42931 -219.01895  -37.64088
 -0.4921875   22.85197   87.89926  -56.58473  -23.91952 -220.79230  -36.35960
 -0.4843750   22.66315   86.16734  -56.86364  -24.42085 -222.58353  -35.03427
 -0.4765625   22.47036   84.42135  -57.13202  -24.93361 -224.39259  -33.66307
 -0.4687500   22.27353   82.66116  -57.38950  -25.45814 -226.21939  -32.24412
 -0.4609375   22.07255   80.88662  -57.63570  -25.99476 -228.06378  -30.77546
 -0.4531250   21.86733   79.09761  -57.87023  -26.54380 -229.92555  -29.25500
 -0.4453125   21.65777   77.29399  -58.09267  -27.10561 -231.80444  -27.68058
 -0.4375000   21.44377   75.47563  -58.30259  -27.68053 -233.70010  -26.04990
 -0.4296875   21.22523   73.64239  -58.49955  -28.26892 -235.61209  -24.36057
 -0.4218750   21.00203   71.79415  -58.68307  -28.87114 -237.53989  -22.61006
 -0.4140625   20.77408   69.93078  -58.85266  -29.48755 -239.48284  -20.79572
 -0.4062500   20.54125   68.05219  -59.00783  -30.11852 -241.44020  -18.91477
 -0.3984375   20.30344   66.15825  -59.14803  -30.76442 -243.41106  -16.96428
 -0.3906250   20.06052   64.24886  -59.27270  -31.42563 -245.39434  -14.94117
 -0.3828125   19.81237   62.32393  -59.38128  -32.10252 -247.38883  -12.84223
 -0.3750000   19.55887   60.38338  -59.47316  -32.79547 -249.39307  -10.66405
 -0.3671875   19.29990   58.42714  -59.54769  -33.50483 -251.40542   -8.40311
 -0.3593750   19.03532   56.45516  -59.60423  -34.23097 -253.42396   -6.05568
 -0.3515625   18.76500   54.46738  -59.64208  -34.97425 -255.44651   -3.61788
 -0.3437500   18.48880   52.46380  -59.66052  -35.73499 -257.47057   -1.08566
 -0.3359375   18.20659   50.44441  -59.65879  -36.51350 -259.49330    1.54519
 -0.3281250   17.91823   48.40923  -59.63610  -37.31008 -261.51148    4.27906
 -0.3203125   17.62357   46.35831  -59.59165  -38.12497 -263.52145    7.12047
 -0.3125000   17.32248   44.29174  -59.52455  -38.95838 -265.51908   10.07411
 -0.3046875   17.01480   42.20962  -59.43393  -39.81047 -267.49971   13.14479
 -0.2968750   16.70039   40.11211  -59.31885  -40.68136 -269.45818   16.33747
 -0.2890625   16.37910   37.99941  -59.17833  -41.57113 -271.38875   19.65732
 -0.2812500   16.05079   35.87175  -59.01136  -42.47983 -273.28513   23.10965
 -0.2734375   15.71531   33.72944  -58.81688  -43.40742 -275.14033   26.69988
 -0.2656250   15.37250   31.57281  -58.59380  -44.35381 -276.94665   30.43350
 -0.2578125   15.02223   29.40230  -58.34097  -45.31879 -278.69561   34.31593
 -0.2500000   14.66435   27.21837  -58.05721  -46.30201 -280.37785   38.35253
 -0.2421875   14.29871   25.02159  -57.74130  -47.30297 -281.98309   42.54840
 -0.2343750   13.92519   22.81261  -57.39196  -48.32099 -283.50009   46.90834
 -0.2265625   13.54366   20.59216  -57.00792  -49.35513 -284.91654   51.43664
 -0.2187500   13.15398   18.36109  -56.58782  -50.40424 -286.21910   56.13695
 -0.2109375   12.75606   16.12033  -56.13032  -51.46683 -287.39333   61.01210
 -0.2031250   12.34978   13.87094  -55.63405  -52.54109 -288.42370   66.06385
 -0.1953125   11.93508   11.61412  -55.09761  -53.62485 -289.29363   71.29270
 -0.1875000   11.51188    9.35119  -54.51964  -54.71551 -289.98558   76.69763
 -0.1796875   11.08014    7.08361  -53.89876  -55.81004 -290.48113   82.27579
 -0.1718750   10.63984    4.81299  -53.23364  -56.90493 -290.76119   88.02228
 -0.1640625   10.19101    2.54108  -52.52299  -57.99619 -290.80620   93.92986
 -0.1562500    9.73367    0.26980  -51.76559  -59.07933 -290.59643   99.98866
 -0.1484375    9.26793   -1.99878  -50.96031  -60.14936 -290.11238  106.18597
 -0.1406250    8.79389   -4.26244  -50.10612  -61.20085 -289.33519  112.50604
 -0.1328125    8.31173   -6.51883  -49.20213  -62.22793 -288.24715  118.92997
 -0.1250000    7.82166   -8.76545  -48.24762  -63.22442 -286.83227  125.43566
 -0.1171875    7.32394  -10.99970  -47.24205  -64.18386 -285.07687  131.99788
 -0.1093750    6.81890  -13.21886  -46.18508  -65.09961 -282.96998  138.58836
 -0.1015625    6.30689  -15.42017  -45.07661  -65.96496 -280.50376  145.17603
 -0.0937500    5.78834  -17.60079  -43.91680  -66.77325 -277.67403  151.72745
 -0.0859375    5.26372  -19.75788  -42.70606  -67.51806 -274.48076  158.20746
 -0.0781250    4.73355  -21.88861  -41.44509  -68.19342 -270.92841  164.57989
 -0.0703125    4.19840  -23.99022  -40.13487  -68.79396 -267.02614  170.80841
 -0.0625000    3.65886  -26.06002  -38.77668  -69.31510 -262.78783  176.85735
 -0.0546875    3.11557  -28.09545  -37.37203  -69.75315 -258.23192  182.69266
 -0.0468750    2.56919  -30.09413  -35.92274  -70.10548 -253.38102  188.28268
 -0.0390625    2.02039  -32.05383  -34.43083  -70.37051 -248.26138  193.59897
 -0.0312500    1.46988  -33.97259  -32.89854  -70.54778 -242.90222  198.61687
 -0.0234375    0.91831  -35.84864  -31.32827  -70.63792 -237.33493  203.31600
 -0.0156250    0.36638  -37.68049  -29.72259  -70.64258 -231.59220  207.68051
 -0.0078125   -0.18526  -39.46689  -28.08416  -70.56429 -225.70722  211.69921
  0.0000000   -0.73598  -41.20688  -26.41571  -70.40641 -219.71280  215.36545
