time
-4.999999999923295
-4.989746093718189
-4.980773925788721
-4.9705200195836134
-4.961547851654147
-4.951293945449041
-4.942321777519572
-4.932067871314465
-4.9230957033849965
-4.912841797179891
-4.903869629250423
-4.893615723045317
-4.884643555115848
-4.874389648910742
-4.865417480981273
-4.855163574776167
-4.8461914068467
-4.835937500641593
-4.826965332712125
-4.816711426507018
-4.807739258577549
-4.797485352372444
-4.787231446167338
-4.778259278237869
-4.768005372032762
-4.759033204103294
-4.748779297898188
-4.73980712996872
-4.729553223763614
-4.7205810558341454
-4.710327149629038
-4.701354981699571
-4.691101075494464
-4.682128907564997
-4.67187500135989
-4.6629028334304214
-4.652648927225315
-4.643676759295847
-4.63342285309074
-4.624450685161273
-4.614196778956166
-4.605224611026698
-4.594970704821591
-4.584716798616485
-4.5757446306870175
-4.565490724481911
-4.556518556552443
-4.546264650347336
-4.537292482417868
-4.527038576212761
-4.5180664082832935
-4.507812502078187
-4.498840334148719
-4.488586427943612
-4.479614260014144
-4.469360353809037
-4.46038818587957
-4.450134279674463
-4.441162111744995
-4.430908205539889
-4.42193603761042
-4.411682131405314
-4.401428225200208
-4.39245605727074
-4.382202151065633
-4.373229983136165
-4.362976076931059
-4.35400390900159
-4.343750002796484
-4.334777834867016
-4.324523928661909
-4.315551760732442
-4.305297854527335
-4.296325686597866
-4.286071780392761
-4.277099612463292
-4.266845706258186
-4.257873538328718
-4.2476196321236115
-4.238647464194144
-4.228393557989037
-4.219421390059568
-4.209167483854462
-4.198913577649356
-4.1899414097198875
-4.1796875035147805
-4.170715335585314
-4.160461429380207
-4.151489261450738
-4.141235355245632
-4.1322631873161635
-4.122009281111057
-4.11303711318159
-4.102783206976484
-4.093811039047015
-4.083557132841909
-4.07458496491244
-4.064331058707334
-4.055358890777866
-4.04510498457276
-4.036132816643292
-4.025878910438185
-4.016906742508716
-4.00665283630361
-3.9963989300985037
-3.9874267621690356
-3.9771728559639294
-3.9682006880344614
-3.957946781829355
-3.9489746138998862
-3.93872070769478
-3.929748539765312
-3.919494633560206
-3.910522465630738
-3.900268559425631
-3.891296391496163
-3.881042485291057
-3.8720703173615885
-3.861816411156482
-3.8528442432270142
-3.842590337021907
-3.833618169092439
-3.823364262887333
-3.814392094957865
-3.804138188752758
-3.793884282547652
-3.7849121146181837
-3.7746582084130775
-3.765686040483609
-3.755432134278503
-3.7464599663490348
-3.7362060601439286
-3.72723389221446
-3.7169799860093535
-3.708007818079886
-3.6977539118747793
-3.6887817439453108
-3.6785278377402046
-3.6695556698107366
-3.6593017636056295
-3.650329595676162
-3.6400756894710553
-3.6311035215415877
-3.6208496153364806
-3.6105957091313745
-3.6016235412019064
-3.5913696349968003
-3.582397467067332
-3.572143560862225
-3.5631713929327575
-3.552917486727651
-3.543945318798183
-3.5336914125930763
-3.524719244663608
-3.5144653384585016
-3.5054931705290335
-3.495239264323927
-3.4862670963944593
-3.4760131901893523
-3.467041022259884
-3.4567871160547785
-3.44781494812531
-3.437561041920204
-3.4285888739907353
-3.418334967785629
-3.4080810615805226
-3.399108893651055
-3.388854987445948
-3.37988281951648
-3.3696289133113737
-3.360656745381905
-3.3504028391767986
-3.341430671247331
-3.3311767650422244
-3.322204597112756
-3.31195069090765
-3.3029785229781816
-3.2927246167730755
-3.283752448843607
-3.273498542638501
-3.2645263747090323
-3.2542724685039266
-3.2453003005744576
-3.2350463943693515
-3.226074226439884
-3.2158203202347773
-3.2055664140296702
-3.1965942461002026
-3.186340339895096
-3.1773681719656275
-3.1671142657605214
-3.1581420978310533
-3.147888191625947
-3.1389160236964786
-3.1286621174913725
-3.1196899495619044
-3.1094360433567982
-3.1004638754273293
-3.090209969222223
-3.0812378012927555
-3.070983895087649
-3.062011727158181
-3.0517578209530742
-3.042785653023606
-3.0325317468185
-3.0235595788890315
-3.013305672683925
-3.0030517664788188
-2.9940795985493507
-2.983825692344244
-2.974853524414776
-2.96459961820967
-2.955627450280201
-2.945373544075095
-2.936401376145627
-2.9261474699405206
-2.917175302011053
-2.906921395805946
-2.897949227876478
-2.8876953216713717
-2.878723153741903
-2.8684692475367966
-2.859497079607329
-2.8492431734022223
-2.840271005472754
-2.8300170992676477
-2.8210449313381796
-2.810791025133073
-2.800537118927967
-2.7915649509984983
-2.781311044793392
-2.7723388768639246
-2.7620849706588175
-2.7531128027293494
-2.7428588965242433
-2.733886728594775
-2.723632822389668
-2.7146606544602006
-2.704406748255094
-2.6954345803256263
-2.6851806741205193
-2.676208506191051
-2.6659545999859446
-2.6569824320564766
-2.64672852585137
-2.6377563579219023
-2.627502451716796
-2.617248545511689
-2.6082763775822215
-2.598022471377115
-2.589050303447647
-2.57879639724254
-2.569824229313072
-2.5595703231079656
-2.550598155178498
-2.540344248973391
-2.531372081043923
-2.5211181748388167
-2.5121460069093486
-2.5018921007042416
-2.492919932774774
-2.482666026569668
-2.473693858640199
-2.463439952435093
-2.454467784505625
-2.444213878300518
-2.4352417103710504
-2.424987804165944
-2.4147338979608373
-2.4057617300313696
-2.3955078238262626
-2.3865356558967945
-2.3762817496916884
-2.3673095817622203
-2.3570556755571137
-2.3480835076276456
-2.337829601422539
-2.328857433493071
-2.318603527287965
-2.3096313593584967
-2.2993774531533897
-2.290405285223922
-2.2801513790188155
-2.271179211089348
-2.2609253048842413
-2.2519531369547727
-2.241699230749666
-2.232727062820198
-2.222473156615092
-2.2122192504099853
-2.2032470824805173
-2.1929931762754107
-2.184021008345943
-2.1737671021408365
-2.1647949342113684
-2.1545410280062613
-2.1455688600767937
-2.135314953871687
-2.1263427859422195
-2.116088879737113
-2.1071167118076444
-2.0968628056025382
-2.08789063767307
-2.0776367314679636
-2.0686645635384955
-2.058410657333389
-2.049438489403921
-2.0391845831988142
-2.0302124152693466
-2.0199585090642396
-2.0097046028591334
-2.0007324349296653
-1.9904785287245588
-1.9815063607950907
-1.9712524545899845
-1.9622802866605162
-1.9520263804554099
-1.9430542125259416
-1.9328003063208354
-1.923828138391367
-1.9135742321862608
-1.9046020642567927
-1.894348158051686
-1.885375990122218
-1.8751220839171117
-1.8661499159876436
-1.8558960097825372
-1.846923841853069
-1.8366699356479625
-1.8276977677184942
-1.817443861513388
-1.8071899553082815
-1.7982177873788132
-1.787963881173707
-1.7789917132442388
-1.7687378070391324
-1.759765639109664
-1.7495117329045577
-1.7405395649750897
-1.7302856587699833
-1.7213134908405152
-1.7110595846354089
-1.7020874167059405
-1.6918335105008344
-1.682861342571366
-1.6726074363662597
-1.6636352684367914
-1.653381362231685
-1.6444091943022168
-1.6341552880971106
-1.623901381892004
-1.614929213962536
-1.6046753077574296
-1.5957031398279617
-1.585449233622855
-1.576477065693387
-1.5662231594882805
-1.5572509915588124
-1.546997085353706
-1.5380249174242377
-1.5277710112191314
-1.518798843289663
-1.508544937084557
-1.4995727691550884
-1.4893188629499823
-1.4803466950205142
-1.4700927888154076
-1.4611206208859395
-1.4508667146808334
-1.441894546751365
-1.4316406405462587
-1.4213867343411521
-1.412414566411684
-1.4021606602065777
-1.3931884922771096
-1.382934586072003
-1.373962418142535
-1.3637085119374286
-1.3547363440079603
-1.344482437802854
-1.335510269873386
-1.3252563636682793
-1.3162841957388114
-1.306030289533705
-1.2970581216042367
-1.2868042153991304
-1.277832047469662
-1.267578141264556
-1.2586059733350876
-1.2483520671299813
-1.239379899200513
-1.2291259929954066
-1.2188720867903002
-1.2098999188608321
-1.1996460126557256
-1.1906738447262575
-1.1804199385211513
-1.171447770591683
-1.1611938643865767
-1.1522216964571086
-1.141967790252002
-1.132995622322534
-1.1227417161174276
-1.1137695481879593
-1.103515641982853
-1.0945434740533848
-1.0842895678482785
-1.0753173999188101
-1.0650634937137038
-1.0560913257842357
-1.0458374195791291
-1.036865251649661
-1.0266113454445547
-1.0163574392394483
-1.0073852713099802
-0.9971313651048737
-0.9881591971754056
-0.9779052909702992
-0.968933123040831
-0.9586792168357247
-0.9497070489062565
-0.93945314270115
-0.9304809747716819
-0.9202270685665755
-0.9112549006371073
-0.901000994432001
-0.8920288265025329
-0.8817749202974264
-0.8728027523679583
-0.8625488461628519
-0.8535766782333837
-0.8433227720282773
-0.8330688658231709
-0.8240966978937028
-0.8138427916885964
-0.8048706237591283
-0.7946167175540219
-0.7856445496245538
-0.7753906434194471
-0.766418475489979
-0.7561645692848726
-0.7471924013554047
-0.7369384951502981
-0.72796632722083
-0.7177124210157235
-0.7087402530862554
-0.6984863468811491
-0.6895141789516809
-0.6792602727465744
-0.6702881048171063
-0.6600341986119999
-0.6510620306825318
-0.6408081244774254
-0.630554218272319
-0.6215820503428509
-0.6113281441377444
-0.6023559762082762
-0.5921020700031698
-0.5831299020737017
-0.5728759958685953
-0.5639038279391272
-0.5536499217340207
-0.5446777538045526
-0.5344238475994462
-0.5254516796699781
-0.5151977734648716
-0.5062256055354035
-0.49597169933029706
-0.48699953140082897
-0.4767456251957225
-0.4677734572662544
-0.45751955106114794
-0.4485473831316798
-0.43829347692657344
-0.42803957072146703
-0.41906740279199883
-0.4088134965868924
-0.39984132865742433
-0.3895874224523179
-0.3806152545228498
-0.37036134831774337
-0.3613891803882752
-0.35113527418316876
-0.34216310625370067
-0.3319092000485942
-0.3229370321191261
-0.3126831259140197
-0.3037109579845516
-0.2934570517794451
-0.284484883849977
-0.2742309776448706
-0.26525880971540244
-0.25500490351029603
-0.2460327355808279
-0.23577882937572148
-0.22552492317061504
-0.21655275524114692
-0.20629884903604048
-0.19732668110657237
-0.18707277490146595
-0.1781006069719978
-0.16784670076689137
-0.15887453283742325
-0.14862062663231684
-0.13964845870284873
-0.12939455249774226
-0.12042238456827416
-0.11016847836316773
-0.1011963104336996
-0.09094240422859319
-0.08197023629912505
-0.07171633009401862
-0.0627441621645505
-0.05249025595944408
-0.04351808802997595
-0.033264181824869524
-0.023010275619763095
-0.01403810769029497
-0.0037842014851885435
0.0051879664442795815
0.01544187264938601
0.024414040578854133
0.03466794678396056
0.043640114713428685
0.05389402091853511
0.06286618884800324
0.07312009505310967
0.0820922629825778
0.09234616918768421
0.10131833711715235
0.11157224332225878
0.1205444112517269
0.13079831745683332
0.13977048538630144
0.15002439159140787
0.16027829779651429
0.16925046572598243
0.17950437193108887
0.18847653986055696
0.1987304460656634
0.20770261399513154
0.21795652020023795
0.2269286881297061
0.23718259433481254
0.24615476226428062
0.24999997709119554
