 -4.0000000   -2.05259   -5.95956   -8.33952
 -3.9843750   -1.94888   -6.02721   -8.12249
 -3.9687500   -1.84811   -6.09302   -7.91282
 -3.9531250   -1.75030   -6.15697   -7.71050
 -3.9375000   -1.65543   -6.21910   -7.51542
 -3.9218750   -1.56347   -6.27945   -7.32745
 -3.9062500   -1.47437   -6.33805   -7.14645
 -3.8906250   -1.38810   -6.39495   -6.97230
 -3.8750000   -1.30463   -6.45017   -6.80486
 -3.8593750   -1.22393   -6.50377   -6.64399
 -3.8437500   -1.14595   -6.55577   -6.48957
 -3.8281250   -1.07067   -6.60621   -6.34146
 -3.8125000   -0.99804   -6.65514   -6.19953
 -3.7968750   -0.92803   -6.70258   -6.06364
 -3.7812500   -0.86061   -6.74859   -5.93368
 -3.7656250   -0.79574   -6.79318   -5.80949
 -3.7500000   -0.73338   -6.83642   -5.69096
 -3.7343750   -0.67350   -6.87833   -5.57795
 -3.7187500   -0.61606   -6.91896   -5.47033
 -3.7031250   -0.56102   -6.95833   -5.36797
 -3.6875000   -0.50836   -6.99650   -5.27073
 -3.6718750   -0.45803   -7.03350   -5.17849
 -3.6562500   -0.41000   -7.06937   -5.09112
 -3.6406250   -0.36423   -7.10415   -5.00848
 -3.6250000   -0.32068   -7.13787   -4.93045
 -3.6093750   -0.27932   -7.17058   -4.85689
 -3.5937500   -0.24012   -7.20232   -4.78767
 -3.5781250   -0.20303   -7.23313   -4.72267
 -3.5625000   -0.16802   -7.26305   -4.66176
 -3.5468750   -0.13506   -7.29211   -4.60479
 -3.5312500   -0.10410   -7.32036   -4.55166
 -3.5156250   -0.07511   -7.34784   -4.50221
 -3.5000000   -0.04806   -7.37459   -4.45633
 -3.4843750   -0.02290   -7.40065   -4.41389
 -3.4687500    0.00040   -7.42605   -4.37476
 -3.4531250    0.02187   -7.45084   -4.33880
 -3.4375000    0.04156   -7.47507   -4.30588
 -3.4218750    0.05949   -7.49877   -4.27589
 -3.4062500    0.07571   -7.52197   -4.24868
 -3.3906250    0.09026   -7.54474   -4.22414
 -3.3750000    0.10316   -7.56710   -4.20213
 -3.3593750    0.11446   -7.58909   -4.18251
 -3.3437500    0.12419   -7.61077   -4.16518
 -3.3281250    0.13239   -7.63216   -4.14998
 -3.3125000    0.13910   -7.65332   -4.13681
 -3.2968750    0.14434   -7.67427   -4.12552
 -3.2812500    0.14817   -7.69508   -4.11599
 -3.2656250    0.15062   -7.71577   -4.10809
 -3.2500000    0.15172   -7.73639   -4.10169
 -3.2343750    0.15151   -7.75698   -4.09666
 -3.2187500    0.15002   -7.77759   -4.09288
 -3.2031250    0.14730   -7.79826   -4.09021
 -3.1875000    0.14338   -7.81902   -4.08853
 -3.1718750    0.13829   -7.83993   -4.08771
 -3.1562500    0.13208   -7.86103   -4.08762
 -3.1406250    0.12478   -7.88236   -4.08813
 -3.1250000    0.11643   -7.90397   -4.08912
 -3.1093750    0.10705   -7.92588   -4.09046
 -3.0937500    0.09670   -7.94817   -4.09201
 -3.0781250    0.08541   -7.97085   -4.09365
 -3.0625000    0.07321   -7.99399   -4.09525
 -3.0468750    0.06014   -8.01762   -4.09668
 -3.0312500    0.04623   -8.04179   -4.09782
 -3.0156250    0.03153   -8.06654   -4.09853
 -3.0000000    0.01607   -8.09193   -4.09870
 -2.9843750   -0.00011   -8.11798   -4.09818
 -2.9687500   -0.01698   -8.14475   -4.09685
 -2.9531250   -0.03450   -8.17230   -4.09459
 -2.9375000   -0.05264   -8.20064   -4.09126
 -2.9218750   -0.07135   -8.22985   -4.08673
 -2.9062500   -0.09061   -8.25996   -4.08089
 -2.8906250   -0.11037   -8.29102   -4.07359
 -2.8750000   -0.13060   -8.32307   -4.06472
 -2.8593750   -0.15126   -8.35617   -4.05414
 -2.8437500   -0.17232   -8.39035   -4.04175
 -2.8281250   -0.19376   -8.42560   -4.02757
 -2.8125000   -0.21556   -8.46191   -4.01163
 -2.7968750   -0.23771   -8.49925   -3.99399
 -2.7812500   -0.26017   -8.53762   -3.97469
 -2.7656250   -0.28295   -8.57700   -3.95376
 -2.7500000   -0.30601   -8.61736   -3.93125
 -2.7343750   -0.32934   -8.65871   -3.90720
 -2.7187500   -0.35293   -8.70101   -3.88166
 -2.7031250   -0.37675   -8.74425   -3.85466
 -2.6875000   -0.40079   -8.78843   -3.82625
 -2.6718750   -0.42502   -8.83352   -3.79647
 -2.6562500   -0.44945   -8.87952   -3.76537
 -2.6406250   -0.47403   -8.92640   -3.73298
 -2.6250000   -0.49877   -8.97416   -3.69934
 -2.6093750   -0.52364   -9.02278   -3.66450
 -2.5937500   -0.54862   -9.07226   -3.62850
 -2.5781250   -0.57370   -9.12258   -3.59138
 -2.5625000   -0.59885   -9.17372   -3.55318
 -2.5468750   -0.62408   -9.22568   -3.51395
 -2.5312500   -0.64934   -9.27845   -3.47372
 -2.5156250   -0.67464   -9.33201   -3.43253
 -2.5000000   -0.69995   -9.38636   -3.39042
 -2.4843750   -0.72526   -9.44150   -3.34744
 -2.4687500   -0.75054   -9.49740   -3.30363
 -2.4531250   -0.77579   -9.55406   -3.25902
 -2.4375000   -0.80099   -9.61148   -3.21366
 -2.4218750   -0.82612   -9.66964   -3.16758
 -2.4062500   -0.85117   -9.72855   -3.12083
 -2.3906250   -0.87612   -9.78820   -3.07344
 -2.3750000   -0.90095   -9.84858   -3.02544
 -2.3593750   -0.92565   -9.90969   -2.97689
 -2.3437500   -0.95020   -9.97152   -2.92782
 -2.3281250   -0.97460  -10.03407   -2.87827
 -2.3125000   -0.99882  -10.09735   -2.82827
 -2.2968750   -1.02284  -10.16135   -2.77786
 -2.2812500   -1.04667  -10.22607   -2.72708
 -2.2656250   -1.07027  -10.29151   -2.67596
 -2.2500000   -1.09364  -10.35767   -2.62455
 -2.2343750   -1.11676  -10.42455   -2.57287
 -2.2187500   -1.13962  -10.49217   -2.52096
 -2.2031250   -1.16220  -10.56051   -2.46886
 -2.1875000   -1.18450  -10.62960   -2.41660
 -2.1718750   -1.20649  -10.69943   -2.36421
 -2.1562500   -1.22817  -10.77002   -2.31174
 -2.1406250   -1.24953  -10.84136   -2.25921
 -2.1250000   -1.27054  -10.91348   -2.20665
 -2.1093750   -1.29120  -10.98638   -2.15409
 -2.0937500   -1.31150  -11.06007   -2.10157
 -2.0781250   -1.33143  -11.13458   -2.04911
 -2.0625000   -1.35097  -11.20991   -1.99675
 -2.0468750   -1.37012  -11.28608   -1.94452
 -2.0312500   -1.38886  -11.36311   -1.89244
 -2.0156250   -1.40718  -11.44102   -1.84053
 -2.0000000   -1.42508  -11.51983   -1.78883
 -1.9843750   -1.44254  -11.59957   -1.73736
 -1.9687500   -1.45956  -11.68026   -1.68615
 -1.9531250   -1.47612  -11.76192   -1.63521
 -1.9375000   -1.49223  -11.84459   -1.58457
 -1.9218750   -1.50787  -11.92829   -1.53426
 -1.9062500   -1.52304  -12.01306   -1.48428
 -1.8906250   -1.53773  -12.09894   -1.43466
 -1.8750000   -1.55194  -12.18596   -1.38541
 -1.8593750   -1.56565  -12.27415   -1.33656
 -1.8437500   -1.57888  -12.36357   -1.28811
 -1.8281250   -1.59160  -12.45426   -1.24007
 -1.8125000   -1.60382  -12.54626   -1.19246
 -1.7968750   -1.61559  -12.63964   -1.14520
 -1.7812500   -1.62699  -12.73450   -1.09814
 -1.7656250   -1.63810  -12.83092   -1.05112
 -1.7500000   -1.64901  -12.92900   -1.00400
 -1.7343750   -1.65982  -13.02884   -0.95661
 -1.7187500   -1.67060  -13.13055   -0.90878
 -1.7031250   -1.68146  -13.23421   -0.86036
 -1.6875000   -1.69248  -13.33996   -0.81117
 -1.6718750   -1.70376  -13.44790   -0.76104
 -1.6562500   -1.71538  -13.55814   -0.70981
 -1.6406250   -1.72745  -13.67082   -0.65729
 -1.6250000   -1.74007  -13.78606   -0.60331
 -1.6093750   -1.75333  -13.90399   -0.54767
 -1.5937500   -1.76732  -14.02476   -0.49019
 -1.5781250   -1.78216  -14.14849   -0.43068
 -1.5625000   -1.79795  -14.27535   -0.36894
 -1.5468750   -1.81478  -14.40548   -0.30477
 -1.5312500   -1.83277  -14.53905   -0.23795
 -1.5156250   -1.85202  -14.67623   -0.16829
 -1.5000000   -1.87265  -14.81718   -0.09554
 -1.4843750   -1.89476  -14.96209   -0.01950
 -1.4687500   -1.91848  -15.11115    0.06007
 -1.4531250   -1.94392  -15.26455    0.14342
 -1.4375000   -1.97120  -15.42250    0.23079
 -1.4218750   -2.00045  -15.58522    0.32243
 -1.4062500   -2.03178  -15.75292    0.41862
 -1.3906250   -2.06534  -15.92584    0.51962
 -1.3750000   -2.10124  -16.10423    0.62572
 -1.3593750   -2.13964  -16.28832    0.73723
 -1.3437500   -2.18066  -16.47839    0.85444
 -1.3281250   -2.22445  -16.67467    0.97769
 -1.3125000   -2.27115  -16.87746    1.10730
 -1.2968750   -2.32092  -17.08702    1.24364
 -1.2812500   -2.37391  -17.30365    1.38706
 -1.2656250   -2.43027  -17.52767    1.53794
 -1.2500000   -2.49018  -17.75938    1.69670
 -1.2343750   -2.55380  -17.99912    1.86375
 -1.2187500   -2.62131  -18.24723    2.03953
 -1.2031250   -2.69289  -18.50407    2.22451
 -1.1875000   -2.76874  -18.77002    2.41919
 -1.1718750   -2.84904  -19.04546    2.62406
 -1.1562500   -2.93400  -19.33080    2.83969
 -1.1406250   -3.02383  -19.62647    3.06665
 -1.1250000   -3.11875  -19.93290    3.30554
 -1.1093750   -3.21900  -20.25053    3.55702
 -1.0937500   -3.32480  -20.57987    3.82177
 -1.0781250   -3.43642  -20.92138    4.10052
 -1.0625000   -3.55410  -21.27559    4.39403
 -1.0468750   -3.67813  -21.64302    4.70315
 -1.0312500   -3.80878  -22.02424    5.02874
 -1.0156250   -3.94636  -22.41981    5.37175
 -1.0000000   -4.09117  -22.83030    5.73318
 -0.9843750   -4.24330  -23.25562    6.11394
 -0.9687500   -4.40262  -23.69503    6.51488
 -0.9531250   -4.56901  -24.14777    6.93692
 -0.9375000   -4.74238  -24.61312    7.38108
 -0.9218750   -4.92264  -25.09036    7.84848
 -0.9062500   -5.10974  -25.57881    8.34034
 -0.8906250   -5.30365  -26.07780    8.85801
 -0.8750000   -5.50437  -26.58669    9.40298
 -0.8593750   -5.71193  -27.10486    9.97687
 -0.8437500   -5.92638  -27.63169   10.58148
 -0.8281250   -6.14782  -28.16660   11.21876
 -0.8125000   -6.37638  -28.70899   11.89089
 -0.7968750   -6.61224  -29.25832   12.60025
 -0.7812500   -6.85561  -29.81400   13.34945
 -0.7656250   -7.10676  -30.37549   14.14140
 -0.7500000   -7.36602  -30.94220   14.97927
 -0.7343750   -7.63376  -31.51359   15.86659
 -0.7187500   -7.91043  -32.08906   16.80726
 -0.7031250   -8.19655  -32.66800   17.80559
 -0.6875000   -8.49271  -33.24976   18.86636
 -0.6718750   -8.79963  -33.83365   19.99489
 -0.6562500   -9.11806  -34.41883   21.19705
 -0.6406250   -9.44889  -35.00430   22.47938
 -0.6250000   -9.79310  -35.58888   23.84916
 -0.6093750  -10.15179  -36.17110   25.31444
 -0.5937500  -10.52619  -36.74920   26.88424
 -0.5781250  -10.91764  -37.32097   28.56857
 -0.5625000  -11.32764  -37.88368   30.37862
 -0.5468750  -11.75782  -38.43390   32.32685
 -0.5312500  -12.20997  -38.96739   34.42718
 -0.5156250  -12.68605  -39.47880   36.69515
 -0.5000000  -13.18813  -39.96150   39.14810
 -0.4843750  -13.71848  -40.40742   41.80523
 -0.4687500  -14.27978  -40.81271   44.68424
 -0.4531250  -14.87513  -41.17725   47.80152
 -0.4375000  -15.50768  -41.49787   51.17597
 -0.4218750  -16.18055  -41.76730   54.82924
 -0.4062500  -16.89667  -41.97314   58.78593
 -0.3906250  -17.65866  -42.09664   63.07354
 -0.3750000  -18.46855  -42.11115   67.72233
 -0.3593750  -19.32748  -41.98018   72.76485
 -0.3437500  -20.23519  -41.65503   78.23496
 -0.3281250  -21.18939  -41.07222   84.16645
 -0.3125000  -22.18494  -40.15052   90.59078
 -0.2968750  -23.21278  -38.78764   97.53364
 -0.2812500  -24.25842  -36.85679  105.00966
 -0.2656250  -25.30026  -34.20358  113.01499
 -0.2500000  -26.30735  -30.64422  121.51724
 -0.2343750  -27.23701  -25.96597  130.44195
 -0.2187500  -28.03230  -19.93188  139.65563
 -0.2031250  -28.62006  -12.29251  148.94603
 -0.1875000  -28.91124   -2.80623  158.00504
 -0.1718750  -28.80591    8.73066  166.42102
 -0.1562500  -28.19512   22.43133  173.66348
 -0.1406250  -26.97067   38.25706  179.09429
 -0.1250000  -25.04202   55.95589  182.01310
 -0.1093750  -22.35772   75.01657  181.73909
 -0.0937500  -18.92723   94.66267  177.72400
 -0.0781250  -14.83603  113.90584  169.67417
 -0.0625000  -10.24704  131.66217  157.64474
 -0.0468750   -5.38458  146.91164  142.07009
 -0.0312500   -0.50256  158.85552  123.71023
 -0.0156250    4.15296  167.02522  103.52761
  0.0000000    8.38713  171.33610   82.53538
