 -4.0000000   -3.04809  240.96191  194.82649   14.40201   60.05189  -32.91926
 -3.9921875   -2.93564  241.42973  194.56815   14.38661   59.71121  -33.21545
 -3.9843750   -2.82330  241.89489  194.30750   14.37174   59.37004  -33.51026
 -3.9765625   -2.71108  242.35739  194.04456   14.35738   59.02838  -33.80371
 -3.9687500   -2.59897  242.81721  193.77932   14.34354   58.68624  -34.09581
 -3.9609375   -2.48696  243.27436  193.51181   14.33019   58.34363  -34.38658
 -3.9531250   -2.37506  243.72883  193.24204   14.31732   58.00053  -34.67603
 -3.9453125   -2.26325  244.18061  192.97000   14.30493   57.65696  -34.96417
 -3.9375000   -2.15154  244.62972  192.69572   14.29299   57.31293  -35.25102
 -3.9296875   -2.03992  245.07613  192.41921   14.28151   56.96843  -35.53659
 -3.9218750   -1.92839  245.51985  192.14047   14.27047   56.62346  -35.82089
 -3.9140625   -1.81694  245.96087  191.85951   14.25985   56.27803  -36.10393
 -3.9062500   -1.70558  246.39919  191.57635   14.24965   55.93215  -36.38572
 -3.8984375   -1.59429  246.83481  191.29099   14.23985   55.58581  -36.66629
 -3.8906250   -1.48308  247.26772  191.00344   14.23045   55.23902  -36.94563
 -3.8828125   -1.37194  247.69792  190.71372   14.22143   54.89178  -37.22377
 -3.8750000   -1.26087  248.12540  190.42182   14.21278   54.54409  -37.50071
 -3.8671875   -1.14986  248.55017  190.12777   14.20450   54.19596  -37.77647
 -3.8593750   -1.03892  248.97221  189.83157   14.19657   53.84739  -38.05105
 -3.8515625   -0.92804  249.39153  189.53323   14.18897   53.49837  -38.32447
 -3.8437500   -0.81722  249.80812  189.23275   14.18171   53.14893  -38.59675
 -3.8359375   -0.70645  250.22198  188.93015   14.17476   52.79904  -38.86789
 -3.8281250   -0.59574  250.63311  188.62544   14.16813   52.44873  -39.13790
 -3.8203125   -0.48507  251.04149  188.31863   14.16179   52.09799  -39.40679
 -3.8125000   -0.37446  251.44714  188.00971   14.15574   51.74681  -39.67458
 -3.8046875   -0.26389  251.85003  187.69871   14.14998   51.39522  -39.94128
 -3.7968750   -0.15336  252.25018  187.38564   14.14447   51.04320  -40.20690
 -3.7890625   -0.04288  252.64758  187.07048   14.13923   50.69076  -40.47144
 -3.7812500    0.06756  253.04223  186.75327   14.13424   50.33790  -40.73492
 -3.7734375    0.17797  253.43411  186.43400   14.12949   49.98462  -40.99735
 -3.7656250    0.28834  253.82323  186.11269   14.12496   49.63093  -41.25875
 -3.7578125    0.39867  254.20959  185.78934   14.12066   49.27683  -41.51911
 -3.7500000    0.50897  254.59318  185.46396   14.11656   48.92231  -41.77845
 -3.7421875    0.61924  254.97400  185.13655   14.11267   48.56739  -42.03678
 -3.7343750    0.72948  255.35205  184.80714   14.10897   48.21205  -42.29411
 -3.7265625    0.83969  255.72732  184.47571   14.10545   47.85631  -42.55046
 -3.7187500    0.94988  256.09980  184.14229   14.10210   47.50017  -42.80582
 -3.7109375    1.06004  256.46951  183.80687   14.09892   47.14362  -43.06021
 -3.7031250    1.17018  256.83642  183.46947   14.09589   46.78667  -43.31364
 -3.6953125    1.28029  257.20055  183.13010   14.09300   46.42932  -43.56612
 -3.6875000    1.39038  257.56188  182.78876   14.09026   46.07157  -43.81766
 -3.6796875    1.50045  257.92041  182.44545   14.08764   45.71342  -44.06826
 -3.6718750    1.61050  258.27615  182.10019   14.08515   45.35488  -44.31794
 -3.6640625    1.72053  258.62908  181.75299   14.08276   44.99594  -44.56671
 -3.6562500    1.83054  258.97921  181.40384   14.08048   44.63661  -44.81457
 -3.6484375    1.94054  259.32653  181.05276   14.07829   44.27688  -45.06153
 -3.6406250    2.05052  259.67103  180.69975   14.07619   43.91676  -45.30761
 -3.6328125    2.16048  260.01273  180.34483   14.07416   43.55625  -45.55280
 -3.6250000    2.27042  260.35160  179.98799   14.07220   43.19534  -45.79713
 -3.6171875    2.38036  260.68765  179.62925   14.07031   42.83405  -46.04059
 -3.6093750    2.49027  261.02088  179.26861   14.06847   42.47237  -46.28320
 -3.6015625    2.60018  261.35128  178.90608   14.06667   42.11030  -46.52496
 -3.5937500    2.71007  261.67885  178.54166   14.06492   41.74784  -46.76588
 -3.5859375    2.81994  262.00359  178.17537   14.06319   41.38499  -47.00598
 -3.5781250    2.92980  262.32549  177.80720   14.06148   41.02176  -47.24525
 -3.5703125    3.03965  262.64456  177.43716   14.05979   40.65814  -47.48371
 -3.5625000    3.14949  262.96078  177.06526   14.05811   40.29413  -47.72136
 -3.5546875    3.25931  263.27415  176.69152   14.05642   39.92974  -47.95821
 -3.5468750    3.36912  263.58468  176.31592   14.05473   39.56496  -48.19427
 -3.5390625    3.47891  263.89235  175.93848   14.05303   39.19979  -48.42955
 -3.5312500    3.58870  264.19717  175.55921   14.05130   38.83424  -48.66405
 -3.5234375    3.69847  264.49914  175.17811   14.04954   38.46831  -48.89779
 -3.5156250    3.80822  264.79824  174.79518   14.04775   38.10199  -49.13075
 -3.5078125    3.91796  265.09448  174.41044   14.04592   37.73528  -49.36297
 -3.5000000    4.02769  265.38785  174.02389   14.04403   37.36819  -49.59444
 -3.4921875    4.13740  265.67835  173.63553   14.04209   37.00071  -49.82516
 -3.4843750    4.24710  265.96599  173.24537   14.04009   36.63285  -50.05515
 -3.4765625    4.35678  266.25074  172.85342   14.03802   36.26459  -50.28441
 -3.4687500    4.46644  266.53262  172.45968   14.03587   35.89596  -50.51295
 -3.4609375    4.57609  266.81162  172.06416   14.03365   35.52693  -50.74078
 -3.4531250    4.68572  267.08773  171.66686   14.03133   35.15751  -50.96790
 -3.4453125    4.79533  267.36095  171.26779   14.02892   34.78771  -51.19431
 -3.4375000    4.90492  267.63128  170.86695   14.02641   34.41752  -51.42003
 -3.4296875    5.01449  267.89872  170.46435   14.02379   34.04694  -51.64506
 -3.4218750    5.12404  268.16327  170.06000   14.02106   33.67596  -51.86940
 -3.4140625    5.23357  268.42491  169.65389   14.01821   33.30460  -52.09306
 -3.4062500    5.34307  268.68365  169.24604   14.01524   32.93284  -52.31606
 -3.3984375    5.45255  268.93948  168.83646   14.01213   32.56068  -52.53838
 -3.3906250    5.56201  269.19241  168.42513   14.00890   32.18814  -52.76005
 -3.3828125    5.67144  269.44242  168.01208   14.00552   31.81519  -52.98105
 -3.3750000    5.78085  269.68952  167.59731   14.00200   31.44185  -53.20141
 -3.3671875    5.89022  269.93370  167.18081   13.99832   31.06811  -53.42112
 -3.3593750    5.99957  270.17496  166.76260   13.99449   30.69397  -53.64020
 -3.3515625    6.10889  270.41329  166.34269   13.99050   30.31943  -53.85863
 -3.3437500    6.21817  270.64870  165.92106   13.98634   29.94448  -54.07644
 -3.3359375    6.32742  270.88117  165.49774   13.98201   29.56913  -54.29362
 -3.3281250    6.43664  271.11072  165.07273   13.97751   29.19337  -54.51018
 -3.3203125    6.54582  271.33732  164.64602   13.97282   28.81721  -54.72613
 -3.3125000    6.65497  271.56098  164.21763   13.96795   28.44064  -54.94147
 -3.3046875    6.76407  271.78170  163.78756   13.96288   28.06365  -55.15620
 -3.2968750    6.87313  271.99948  163.35582   13.95763   27.68625  -55.37032
 -3.2890625    6.98216  272.21430  162.92240   13.95217   27.30844  -55.58385
 -3.2812500    7.09114  272.42617  162.48732   13.94651   26.93020  -55.79679
 -3.2734375    7.20007  272.63508  162.05058   13.94064   26.55155  -56.00913
 -3.2656250    7.30896  272.84104  161.61218   13.93456   26.17248  -56.22090
 -3.2578125    7.41780  273.04403  161.17213   13.92827   25.79298  -56.43208
 -3.2500000    7.52659  273.24405  160.73043   13.92175   25.41305  -56.64268
 -3.2421875    7.63533  273.44110  160.28709   13.91501   25.03270  -56.85271
 -3.2343750    7.74401  273.63519  159.84211   13.90805   24.65191  -57.06217
 -3.2265625    7.85264  273.82629  159.39550   13.90085   24.27069  -57.27106
 -3.2187500    7.96121  274.01441  158.94725   13.89342   23.88903  -57.47939
 -3.2109375    8.06972  274.19955  158.49738   13.88575   23.50694  -57.68716
 -3.2031250    8.17817  274.38171  158.04589   13.87784   23.12440  -57.89438
 -3.1953125    8.28656  274.56087  157.59278   13.86968   22.74141  -58.10104
 -3.1875000    8.39489  274.73704  157.13806   13.86128   22.35798  -58.30715
 -3.1796875    8.50314  274.91021  156.68174   13.85262   21.97409  -58.51272
 -3.1718750    8.61133  275.08039  156.22380   13.84371   21.58976  -58.71774
 -3.1640625    8.71945  275.24755  155.76427   13.83455   21.20496  -58.92222
 -3.1562500    8.82750  275.41171  155.30315   13.82512   20.81970  -59.12616
 -3.1484375    8.93547  275.57286  154.84043   13.81543   20.43398  -59.32957
 -3.1406250    9.04336  275.73099  154.37612   13.80547   20.04779  -59.53244
 -3.1328125    9.15118  275.88611  153.91023   13.79525   19.66113  -59.73478
 -3.1250000    9.25891  276.03820  153.44277   13.78475   19.27399  -59.93660
 -3.1171875    9.36656  276.18726  152.97373   13.77398   18.88638  -60.13789
 -3.1093750    9.47413  276.33329  152.50312   13.76293   18.49828  -60.33865
 -3.1015625    9.58161  276.47629  152.03094   13.75161   18.10970  -60.53890
 -3.0937500    9.68900  276.61626  151.55720   13.74001   17.72063  -60.73862
 -3.0859375    9.79630  276.75318  151.08190   13.72812   17.33106  -60.93782
 -3.0781250    9.90350  276.88705  150.60504   13.71595   16.94100  -61.13651
 -3.0703125   10.01061  277.01788  150.12664   13.70349   16.55043  -61.33469
 -3.0625000   10.11762  277.14565  149.64669   13.69075   16.15936  -61.53235
 -3.0546875   10.22452  277.27037  149.16520   13.67771   15.76777  -61.72950
 -3.0468750   10.33133  277.39202  148.68217   13.66439   15.37567  -61.92615
 -3.0390625   10.43803  277.51061  148.19760   13.65077   14.98306  -62.12228
 -3.0312500   10.54462  277.62613  147.71151   13.63685   14.58991  -62.31790
 -3.0234375   10.65110  277.73858  147.22389   13.62265   14.19624  -62.51302
 -3.0156250   10.75748  277.84795  146.73474   13.60814   13.80204  -62.70764
 -3.0078125   10.86373  277.95423  146.24408   13.59333   13.40730  -62.90175
 -3.0000000   10.96987  278.05743  145.75191   13.57823   13.01201  -63.09536
 -2.9921875   11.07589  278.15754  145.25822   13.56282   12.61618  -63.28847
 -2.9843750   11.18179  278.25456  144.76303   13.54711   12.21979  -63.48107
 -2.9765625   11.28756  278.34848  144.26633   13.53111   11.82284  -63.67317
 -2.9687500   11.39321  278.43929  143.76813   13.51479   11.42533  -63.86477
 -2.9609375   11.49873  278.52700  143.26844   13.49818   11.02726  -64.05588
 -2.9531250   11.60412  278.61159  142.76726   13.48125   10.62860  -64.24648
 -2.9453125   11.70937  278.69307  142.26459   13.46403   10.22937  -64.43658
 -2.9375000   11.81449  278.77142  141.76044   13.44650    9.82955  -64.62619
 -2.9296875   11.91948  278.84665  141.25481   13.42866    9.42915  -64.81529
 -2.9218750   12.02432  278.91875  140.74770   13.41051    9.02814  -65.00389
 -2.9140625   12.12901  278.98772  140.23913   13.39206    8.62653  -65.19200
 -2.9062500   12.23357  279.05354  139.72908   13.37331    8.22432  -65.37960
 -2.8984375   12.33797  279.11622  139.21757   13.35425    7.82148  -65.56671
 -2.8906250   12.44223  279.17575  138.70460   13.33488    7.41803  -65.75331
 -2.8828125   12.54633  279.23212  138.19018   13.31520    7.01395  -65.93941
 -2.8750000   12.65027  279.28534  137.67430   13.29522    6.60924  -66.12501
 -2.8671875   12.75406  279.33539  137.15697   13.27494    6.20389  -66.31011
 -2.8593750   12.85769  279.38227  136.63821   13.25434    5.79789  -66.49470
 -2.8515625   12.96116  279.42598  136.11800   13.23345    5.39124  -66.67879
 -2.8437500   13.06447  279.46651  135.59635   13.21225    4.98392  -66.86237
 -2.8359375   13.16760  279.50385  135.07327   13.19075    4.57595  -67.04545
 -2.8281250   13.27057  279.53801  134.54877   13.16894    4.16730  -67.22802
 -2.8203125   13.37337  279.56897  134.02284   13.14683    3.75797  -67.41008
 -2.8125000   13.47599  279.59672  133.49549   13.12443    3.34795  -67.59163
 -2.8046875   13.57844  279.62128  132.96672   13.10171    2.93724  -67.77267
 -2.7968750   13.68070  279.64262  132.43654   13.07870    2.52583  -67.95320
 -2.7890625   13.78279  279.66074  131.90495   13.05539    2.11371  -68.13321
 -2.7812500   13.88469  279.67564  131.37196   13.03178    1.70088  -68.31272
 -2.7734375   13.98641  279.68732  130.83757   13.00787    1.28733  -68.49170
 -2.7656250   14.08794  279.69575  130.30178   12.98367    0.87306  -68.67017
 -2.7578125   14.18928  279.70095  129.76460   12.95916    0.45804  -68.84812
 -2.7500000   14.29043  279.70291  129.22603   12.93436    0.04229  -69.02555
 -2.7421875   14.39138  279.70161  128.68607   12.90926   -0.37421  -69.20247
 -2.7343750   14.49213  279.69706  128.14474   12.88386   -0.79147  -69.37886
 -2.7265625   14.59269  279.68924  127.60203   12.85817   -1.20948  -69.55472
 -2.7187500   14.69304  279.67816  127.05795   12.83218   -1.62827  -69.73007
 -2.7109375   14.79319  279.66380  126.51250   12.80590   -2.04783  -69.90489
 -2.7031250   14.89313  279.64616  125.96569   12.77932   -2.46818  -70.07918
 -2.6953125   14.99287  279.62523  125.41751   12.75245   -2.88932  -70.25294
 -2.6875000   15.09239  279.60101  124.86798   12.72529   -3.31125  -70.42617
 -2.6796875   15.19170  279.57349  124.31711   12.69783   -3.73399  -70.59887
 -2.6718750   15.29079  279.54267  123.76488   12.67008   -4.15754  -70.77104
 -2.6640625   15.38967  279.50853  123.21131   12.64204   -4.58192  -70.94268
 -2.6562500   15.48832  279.47107  122.65640   12.61371   -5.00711  -71.11378
 -2.6484375   15.58676  279.43029  122.10016   12.58508   -5.43315  -71.28434
 -2.6406250   15.68496  279.38618  121.54258   12.55617   -5.86002  -71.45436
 -2.6328125   15.78295  279.33873  120.98369   12.52696   -6.28774  -71.62384
 -2.6250000   15.88070  279.28793  120.42346   12.49747   -6.71632  -71.79278
 -2.6171875   15.97822  279.23378  119.86192   12.46768   -7.14576  -71.96117
 -2.6093750   16.07550  279.17627  119.29907   12.43761   -7.57608  -72.12902
 -2.6015625   16.17255  279.11540  118.73491   12.40725   -8.00727  -72.29633
 -2.5937500   16.26937  279.05116  118.16944   12.37660   -8.43935  -72.46308
 -2.5859375   16.36594  278.98354  117.60268   12.34566   -8.87232  -72.62928
 -2.5781250   16.46227  278.91253  117.03461   12.31443   -9.30620  -72.79493
 -2.5703125   16.55835  278.83812  116.46526   12.28292   -9.74098  -72.96003
 -2.5625000   16.65419  278.76032  115.89461   12.25112  -10.17669  -73.12456
 -2.5546875   16.74977  278.67911  115.32269   12.21904  -10.61331  -73.28854
 -2.5468750   16.84511  278.59449  114.74948   12.18666  -11.05088  -73.45196
 -2.5390625   16.94019  278.50644  114.17500   12.15400  -11.48938  -73.61482
 -2.5312500   17.03501  278.41496  113.59925   12.12106  -11.92883  -73.77712
 -2.5234375   17.12958  278.32005  113.02223   12.08783  -12.36924  -73.93884
 -2.5156250   17.22389  278.22169  112.44396   12.05432  -12.81061  -74.10000
 -2.5078125   17.31793  278.11988  111.86442   12.02052  -13.25296  -74.26059
 -2.5000000   17.41171  278.01461  111.28364   11.98644  -13.69629  -74.42061
 -2.4921875   17.50522  277.90587  110.70160   11.95207  -14.14061  -74.58005
 -2.4843750   17.59846  277.79366  110.11833   11.91742  -14.58593  -74.73891
 -2.4765625   17.69142  277.67796  109.53381   11.88249  -15.03226  -74.89720
 -2.4687500   17.78412  277.55878  108.94806   11.84727  -15.47960  -75.05490
 -2.4609375   17.87654  277.43609  108.36108   11.81177  -15.92796  -75.21202
 -2.4531250   17.96868  277.30990  107.77287   11.77598  -16.37736  -75.36855
 -2.4453125   18.06054  277.18019  107.18345   11.73992  -16.82780  -75.52450
 -2.4375000   18.15211  277.04696  106.59280   11.70357  -17.27928  -75.67985
 -2.4296875   18.24340  276.91020  106.00095   11.66694  -17.73183  -75.83462
 -2.4218750   18.33441  276.76990  105.40789   11.63002  -18.18544  -75.98878
 -2.4140625   18.42512  276.62605  104.81363   11.59283  -18.64013  -76.14235
 -2.4062500   18.51554  276.47865  104.21817   11.55535  -19.09591  -76.29532
 -2.3984375   18.60567  276.32768  103.62151   11.51759  -19.55277  -76.44768
 -2.3906250   18.69551  276.17313  103.02367   11.47955  -20.01074  -76.59943
 -2.3828125   18.78504  276.01501  102.42465   11.44123  -20.46983  -76.75058
 -2.3750000   18.87427  275.85329  101.82445   11.40262  -20.93003  -76.90112
 -2.3671875   18.96321  275.68797  101.22307   11.36374  -21.39137  -77.05104
 -2.3593750   19.05183  275.51904  100.62053   11.32457  -21.85385  -77.20034
 -2.3515625   19.14015  275.34650  100.01682   11.28512  -22.31747  -77.34903
 -2.3437500   19.22816  275.17033   99.41195   11.24539  -22.78226  -77.49709
 -2.3359375   19.31586  274.99053   98.80593   11.20537  -23.24821  -77.64452
 -2.3281250   19.40325  274.80707   98.19876   11.16508  -23.71535  -77.79133
 -2.3203125   19.49031  274.61997   97.59044   11.12450  -24.18367  -77.93750
 -2.3125000   19.57706  274.42920   96.98098   11.08365  -24.65319  -78.08304
 -2.3046875   19.66350  274.23476   96.37039   11.04251  -25.12392  -78.22794
 -2.2968750   19.74960  274.03664   95.75867   11.00108  -25.59587  -78.37220
 -2.2890625   19.83539  273.83482   95.14583   10.95938  -26.06904  -78.51581
 -2.2812500   19.92084  273.62931   94.53187   10.91739  -26.54346  -78.65878
 -2.2734375   20.00597  273.42008   93.91679   10.87512  -27.01912  -78.80109
 -2.2656250   20.09077  273.20713   93.30060   10.83257  -27.49605  -78.94275
 -2.2578125   20.17523  272.99045   92.68331   10.78974  -27.97424  -79.08375
 -2.2500000   20.25935  272.77003   92.06492   10.74662  -28.45372  -79.22408
 -2.2421875   20.34314  272.54586   91.44543   10.70322  -28.93449  -79.36375
 -2.2343750   20.42659  272.31792   90.82486   10.65953  -29.41656  -79.50276
 -2.2265625   20.50970  272.08622   90.20321   10.61556  -29.89994  -79.64108
 -2.2187500   20.59246  271.85073   89.58047   10.57131  -30.38465  -79.77873
 -2.2109375   20.67487  271.61146   88.95666   10.52677  -30.87069  -79.91571
 -2.2031250   20.75694  271.36837   88.33179   10.48195  -31.35808  -80.05199
 -2.1953125   20.83865  271.12148   87.70585   10.43684  -31.84683  -80.18759
 -2.1875000   20.92001  270.87076   87.07886   10.39145  -32.33696  -80.32249
 -2.1796875   21.00102  270.61621   86.45082   10.34577  -32.82846  -80.45670
 -2.1718750   21.08167  270.35782   85.82173   10.29980  -33.32135  -80.59020
 -2.1640625   21.16195  270.09556   85.19160   10.25354  -33.81565  -80.72300
 -2.1562500   21.24188  269.82944   84.56043   10.20700  -34.31137  -80.85509
 -2.1484375   21.32144  269.55944   83.92824   10.16017  -34.80852  -80.98647
 -2.1406250   21.40063  269.28556   83.29502   10.11304  -35.30711  -81.11712
 -2.1328125   21.47945  269.00777   82.66078   10.06563  -35.80715  -81.24706
 -2.1250000   21.55790  268.72607   82.02554   10.01793  -36.30867  -81.37626
 -2.1171875   21.63598  268.44044   81.38928    9.96994  -36.81166  -81.50473
 -2.1093750   21.71368  268.15088   80.75203    9.92165  -37.31614  -81.63247
 -2.1015625   21.79101  267.85737   80.11378    9.87308  -37.82213  -81.75946
 -2.0937500   21.86795  267.55990   79.47454    9.82421  -38.32964  -81.88570
 -2.0859375   21.94451  267.25847   78.83432    9.77504  -38.83867  -82.01120
 -2.0781250   22.02068  266.95305   78.19311    9.72558  -39.34926  -82.13593
 -2.0703125   22.09647  266.64363   77.55094    9.67582  -39.86140  -82.25990
 -2.0625000   22.17187  266.33021   76.90781    9.62577  -40.37511  -82.38310
 -2.0546875   22.24687  266.01277   76.26371    9.57542  -40.89042  -82.50553
 -2.0468750   22.32148  265.69129   75.61866    9.52477  -41.40732  -82.62718
 -2.0390625   22.39570  265.36577   74.97266    9.47382  -41.92583  -82.74804
 -2.0312500   22.46951  265.03620   74.32572    9.42257  -42.44598  -82.86812
 -2.0234375   22.54292  264.70255   73.67785    9.37101  -42.96777  -82.98739
 -2.0156250   22.61593  264.36482   73.02905    9.31915  -43.49121  -83.10587
 -2.0078125   22.68853  264.02299   72.37932    9.26699  -44.01633  -83.22353
 -2.0000000   22.76073  263.67706   71.72868    9.21452  -44.54314  -83.34038
 -1.9921875   22.83251  263.32700   71.07713    9.16175  -45.07165  -83.45641
 -1.9843750   22.90388  262.97281   70.42468    9.10866  -45.60188  -83.57161
 -1.9765625   22.97483  262.61447   69.77133    9.05527  -46.13384  -83.68598
 -1.9687500   23.04537  262.25197   69.11709    9.00156  -46.66756  -83.79951
 -1.9609375   23.11548  261.88528   68.46196    8.94754  -47.20304  -83.91219
 -1.9531250   23.18517  261.51441   67.80596    8.89321  -47.74030  -84.02401
 -1.9453125   23.25444  261.13934   67.14909    8.83856  -48.27937  -84.13497
 -1.9375000   23.32327  260.76004   66.49135    8.78359  -48.82024  -84.24507
 -1.9296875   23.39168  260.37652   65.83276    8.72831  -49.36295  -84.35429
 -1.9218750   23.45965  259.98874   65.17332    8.67270  -49.90751  -84.46262
 -1.9140625   23.52719  259.59671   64.51304    8.61677  -50.45394  -84.57007
 -1.9062500   23.59429  259.20039   63.85192    8.56051  -51.00225  -84.67661
 -1.8984375   23.66095  258.79979   63.18997    8.50393  -51.55247  -84.78225
 -1.8906250   23.72716  258.39488   62.52719    8.44702  -52.10460  -84.88698
 -1.8828125   23.79293  257.98565   61.86361    8.38978  -52.65868  -84.99078
 -1.8750000   23.85825  257.57209   61.19922    8.33220  -53.21471  -85.09365
 -1.8671875   23.92312  257.15417   60.53402    8.27429  -53.77271  -85.19558
 -1.8593750   23.98754  256.73188   59.86804    8.21604  -54.33271  -85.29657
 -1.8515625   24.05149  256.30521   59.20127    8.15745  -54.89473  -85.39660
 -1.8437500   24.11499  255.87415   58.53372    8.09852  -55.45877  -85.49566
 -1.8359375   24.17803  255.43866   57.86540    8.03925  -56.02487  -85.59374
 -1.8281250   24.24061  254.99875   57.19632    7.97963  -56.59305  -85.69084
 -1.8203125   24.30271  254.55439   56.52648    7.91966  -57.16332  -85.78695
 -1.8125000   24.36435  254.10557   55.85590    7.85934  -57.73570  -85.88206
 -1.8046875   24.42551  253.65227   55.18458    7.79866  -58.31021  -85.97615
 -1.7968750   24.48620  253.19447   54.51253    7.73762  -58.88689  -86.06922
 -1.7890625   24.54641  252.73215   53.83975    7.67622  -59.46574  -86.16125
 -1.7812500   24.60614  252.26531   53.16626    7.61446  -60.04678  -86.25224
 -1.7734375   24.66539  251.79392   52.49206    7.55233  -60.63005  -86.34217
 -1.7656250   24.72415  251.31796   51.81717    7.48983  -61.21557  -86.43103
 -1.7578125   24.78242  250.83742   51.14158    7.42695  -61.80335  -86.51882
 -1.7500000   24.84019  250.35228   50.46531    7.36369  -62.39342  -86.60551
 -1.7421875   24.89747  249.86251   49.78837    7.30005  -62.98581  -86.69110
 -1.7343750   24.95426  249.36812   49.11077    7.23602  -63.58053  -86.77557
 -1.7265625   25.01054  248.86906   48.43251    7.17159  -64.17761  -86.85892
 -1.7187500   25.06631  248.36534   47.75360    7.10676  -64.77708  -86.94112
 -1.7109375   25.12158  247.85691   47.07405    7.04153  -65.37896  -87.02216
 -1.7031250   25.17633  247.34378   46.39388    6.97588  -65.98327  -87.10204
 -1.6953125   25.23057  246.82592   45.71309    6.90982  -66.59005  -87.18073
 -1.6875000   25.28430  246.30331   45.03168    6.84334  -67.19931  -87.25822
 -1.6796875   25.33750  245.77592   44.34968    6.77643  -67.81109  -87.33450
 -1.6718750   25.39018  245.24375   43.66709    6.70908  -68.42540  -87.40955
 -1.6640625   25.44233  244.70677   42.98391    6.64128  -69.04229  -87.48335
 -1.6562500   25.49395  244.16496   42.30016    6.57304  -69.66177  -87.55589
 -1.6484375   25.54503  243.61830   41.61585    6.50434  -70.28387  -87.62716
 -1.6406250   25.59558  243.06677   40.93099    6.43518  -70.90863  -87.69713
 -1.6328125   25.64558  242.51034   40.24559    6.36554  -71.53607  -87.76578
 -1.6250000   25.69504  241.94901   39.55965    6.29542  -72.16622  -87.83311
 -1.6171875   25.74394  241.38274   38.87320    6.22481  -72.79911  -87.89909
 -1.6093750   25.79230  240.81152   38.18623    6.15371  -73.43477  -87.96370
 -1.6015625   25.84009  240.23531   37.49877    6.08209  -74.07323  -88.02692
 -1.5937500   25.88733  239.65411   36.81082    6.00996  -74.71453  -88.08874
 -1.5859375   25.93400  239.06789   36.12239    5.93731  -75.35869  -88.14914
 -1.5781250   25.98010  238.47663   35.43349    5.86412  -76.00575  -88.20808
 -1.5703125   26.02562  237.88029   34.74414    5.79038  -76.65573  -88.26556
 -1.5625000   26.07057  237.27887   34.05435    5.71609  -77.30869  -88.32155
 -1.5546875   26.11494  236.67234   33.36412    5.64123  -77.96464  -88.37603
 -1.5468750   26.15871  236.06067   32.67347    5.56579  -78.62362  -88.42898
 -1.5390625   26.20190  235.44384   31.98242    5.48977  -79.28567  -88.48037
 -1.5312500   26.24449  234.82182   31.29097    5.41315  -79.95082  -88.53018
 -1.5234375   26.28648  234.19460   30.59914    5.33591  -80.61911  -88.57839
 -1.5156250   26.32786  233.56214   29.90694    5.25805  -81.29058  -88.62497
 -1.5078125   26.36864  232.92442   29.21438    5.17955  -81.96526  -88.66989
 -1.5000000   26.40879  232.28142   28.52148    5.10041  -82.64320  -88.71314
 -1.4921875   26.44833  231.63311   27.82824    5.02060  -83.32442  -88.75467
 -1.4843750   26.48724  230.97947   27.13469    4.94012  -84.00898  -88.79448
 -1.4765625   26.52551  230.32047   26.44083    4.85895  -84.69690  -88.83252
 -1.4687500   26.56316  229.65607   25.74669    4.77707  -85.38824  -88.86877
 -1.4609375   26.60015  228.98627   25.05226    4.69448  -86.08303  -88.90321
 -1.4531250   26.63651  228.31102   24.35758    4.61115  -86.78131  -88.93579
 -1.4453125   26.67220  227.63030   23.66265    4.52708  -87.48313  -88.96649
 -1.4375000   26.70724  226.94408   22.96748    4.44224  -88.18853  -88.99529
 -1.4296875   26.74161  226.25234   22.27210    4.35662  -88.89756  -89.02214
 -1.4218750   26.77531  225.55505   21.57652    4.27021  -89.61026  -89.04702
 -1.4140625   26.80833  224.85217   20.88075    4.18299  -90.32667  -89.06988
 -1.4062500   26.84067  224.14369   20.18480    4.09494  -91.04685  -89.09071
 -1.3984375   26.87231  223.42956   19.48871    4.00604  -91.77084  -89.10945
 -1.3906250   26.90326  222.70976   18.79247    3.91628  -92.49869  -89.12608
 -1.3828125   26.93350  221.98425   18.09612    3.82564  -93.23044  -89.14056
 -1.3750000   26.96303  221.25302   17.39966    3.73409  -93.96616  -89.15285
 -1.3671875   26.99184  220.51602   16.70311    3.64163  -94.70589  -89.16291
 -1.3593750   27.01993  219.77323   16.00649    3.54823  -95.44968  -89.17070
 -1.3515625   27.04728  219.02461   15.30983    3.45387  -96.19758  -89.17618
 -1.3437500   27.07389  218.27013   14.61312    3.35853  -96.94965  -89.17932
 -1.3359375   27.09976  217.50976   13.91640    3.26219  -97.70595  -89.18006
 -1.3281250   27.12486  216.74347   13.21969    3.16483  -98.46653  -89.17836
 -1.3203125   27.14920  215.97121   12.52300    3.06643  -99.23144  -89.17418
 -1.3125000   27.17277  215.19296   11.82635    2.96696 -100.00075  -89.16748
 -1.3046875   27.19556  214.40869   11.12976    2.86641 -100.77451  -89.15819
 -1.2968750   27.21756  213.61835   10.43326    2.76475 -101.55278  -89.14629
 -1.2890625   27.23876  212.82191    9.73686    2.66195 -102.33563  -89.13171
 -1.2812500   27.25915  212.01934    9.04058    2.55800 -103.12311  -89.11441
 -1.2734375   27.27872  211.21060    8.34446    2.45286 -103.91530  -89.09434
 -1.2656250   27.29747  210.39565    7.64849    2.34652 -104.71225  -89.07143
 -1.2578125   27.31538  209.57446    6.95272    2.23894 -105.51402  -89.04564
 -1.2500000   27.33245  208.74698    6.25716    2.13010 -106.32070  -89.01691
 -1.2421875   27.34866  207.91319    5.56184    2.01998 -107.13234  -88.98519
 -1.2343750   27.36401  207.07303    4.86678    1.90855 -107.94902  -88.95040
 -1.2265625   27.37848  206.22647    4.17200    1.79577 -108.77080  -88.91250
 -1.2187500   27.39206  205.37347    3.47753    1.68163 -109.59775  -88.87142
 -1.2109375   27.40475  204.51399    2.78339    1.56608 -110.42996  -88.82709
 -1.2031250   27.41653  203.64799    2.08961    1.44911 -111.26750  -88.77945
 -1.1953125   27.42739  202.77542    1.39622    1.33067 -112.11043  -88.72844
 -1.1875000   27.43732  201.89625    0.70324    1.21075 -112.95885  -88.67398
 -1.1796875   27.44630  201.01043    0.01070    1.08931 -113.81282  -88.61600
 -1.1718750   27.45434  200.11791   -0.68138    0.96631 -114.67244  -88.55443
 -1.1640625   27.46140  199.21865   -1.37295    0.84172 -115.53777  -88.48919
 -1.1562500   27.46748  198.31262   -2.06401    0.71551 -116.40892  -88.42021
 -1.1484375   27.47257  197.39975   -2.75451    0.58765 -117.28595  -88.34741
 -1.1406250   27.47666  196.48001   -3.44443    0.45809 -118.16896  -88.27071
 -1.1328125   27.47973  195.55334   -4.13373    0.32681 -119.05804  -88.19001
 -1.1250000   27.48176  194.61971   -4.82239    0.19376 -119.95328  -88.10524
 -1.1171875   27.48275  193.67906   -5.51036    0.05891 -120.85477  -88.01631
 -1.1093750   27.48268  192.73134   -6.19763   -0.07778 -121.76260  -87.92312
 -1.1015625   27.48153  191.77650   -6.88415   -0.21635 -122.67687  -87.82559
 -1.0937500   27.47929  190.81449   -7.56989   -0.35685 -123.59769  -87.72361
 -1.0859375   27.47595  189.84527   -8.25482   -0.49930 -124.52514  -87.61709
 -1.0781250   27.47149  188.86877   -8.93890   -0.64376 -125.45933  -87.50593
 -1.0703125   27.46589  187.88495   -9.62209   -0.79027 -126.40036  -87.39001
 -1.0625000   27.45913  186.89375  -10.30435   -0.93887 -127.34835  -87.26924
 -1.0546875   27.45121  185.89511  -10.98566   -1.08960 -128.30340  -87.14349
 -1.0468750   27.44210  184.88899  -11.66596   -1.24252 -129.26561  -87.01266
 -1.0390625   27.43179  183.87532  -12.34522   -1.39767 -130.23510  -86.87662
 -1.0312500   27.42026  182.85405  -13.02339   -1.55509 -131.21199  -86.73527
 -1.0234375   27.40749  181.82511  -13.70044   -1.71485 -132.19640  -86.58845
 -1.0156250   27.39346  180.78846  -14.37632   -1.87698 -133.18843  -86.43606
 -1.0078125   27.37815  179.74402  -15.05099   -2.04154 -134.18822  -86.27796
 -1.0000000   27.36155  178.69175  -15.72440   -2.20859 -135.19589  -86.11400
 -0.9921875   27.34364  177.63157  -16.39651   -2.37818 -136.21156  -85.94406
 -0.9843750   27.32438  176.56342  -17.06726   -2.55035 -137.23536  -85.76797
 -0.9765625   27.30378  175.48724  -17.73661   -2.72517 -138.26742  -85.58558
 -0.9687500   27.28180  174.40297  -18.40452   -2.90269 -139.30786  -85.39675
 -0.9609375   27.25842  173.31053  -19.07092   -3.08297 -140.35682  -85.20130
 -0.9531250   27.23362  172.20987  -19.73577   -3.26606 -141.41441  -84.99907
 -0.9453125   27.20738  171.10091  -20.39901   -3.45201 -142.48078  -84.78989
 -0.9375000   27.17967  169.98359  -21.06059   -3.64089 -143.55605  -84.57356
 -0.9296875   27.15048  168.85782  -21.72046   -3.83275 -144.64034  -84.34991
 -0.9218750   27.11978  167.72356  -22.37854   -4.02764 -145.73381  -84.11875
 -0.9140625   27.08754  166.58071  -23.03479   -4.22564 -146.83656  -83.87986
 -0.9062500   27.05374  165.42921  -23.68914   -4.42679 -147.94875  -83.63305
 -0.8984375   27.01836  164.26899  -24.34154   -4.63116 -149.07051  -83.37809
 -0.8906250   26.98137  163.09996  -24.99190   -4.83880 -150.20197  -83.11477
 -0.8828125   26.94275  161.92205  -25.64018   -5.04979 -151.34326  -82.84285
 -0.8750000   26.90246  160.73519  -26.28630   -5.26417 -152.49454  -82.56210
 -0.8671875   26.86049  159.53930  -26.93019   -5.48203 -153.65593  -82.27227
 -0.8593750   26.81680  158.33429  -27.57178   -5.70341 -154.82759  -81.97310
 -0.8515625   26.77136  157.12009  -28.21100   -5.92839 -156.00965  -81.66432
 -0.8437500   26.72416  155.89662  -28.84776   -6.15704 -157.20225  -81.34566
 -0.8359375   26.67515  154.66378  -29.48200   -6.38942 -158.40555  -81.01683
 -0.8281250   26.62431  153.42150  -30.11362   -6.62560 -159.61969  -80.67754
 -0.8203125   26.57161  152.16969  -30.74255   -6.86566 -160.84482  -80.32748
 -0.8125000   26.51703  150.90827  -31.36871   -7.10967 -162.08109  -79.96632
 -0.8046875   26.46051  149.63715  -31.99200   -7.35771 -163.32865  -79.59375
 -0.7968750   26.40205  148.35623  -32.61233   -7.60984 -164.58766  -79.20941
 -0.7890625   26.34160  147.06543  -33.22961   -7.86616 -165.85827  -78.81294
 -0.7812500   26.27913  145.76466  -33.84375   -8.12674 -167.14064  -78.40399
 -0.7734375   26.21461  144.45383  -34.45464   -8.39167 -168.43493  -77.98215
 -0.7656250   26.14800  143.13284  -35.06219   -8.66103 -169.74129  -77.54704
 -0.7578125   26.07927  141.80159  -35.66628   -8.93491 -171.05990  -77.09824
 -0.7500000   26.00838  140.45999  -36.26681   -9.21339 -172.39092  -76.63530
 -0.7421875   25.93530  139.10795  -36.86367   -9.49658 -173.73450  -76.15780
 -0.7343750   25.85998  137.74536  -37.45674   -9.78457 -175.09082  -75.66525
 -0.7265625   25.78240  136.37212  -38.04590  -10.07746 -176.46006  -75.15718
 -0.7187500   25.70251  134.98814  -38.63103  -10.37534 -177.84236  -74.63307
 -0.7109375   25.62027  133.59330  -39.21200  -10.67833 -179.23792  -74.09240
 -0.7031250   25.53565  132.18751  -39.78867  -10.98654 -180.64690  -73.53463
 -0.6953125   25.44859  130.77066  -40.36093  -11.30006 -182.06948  -72.95918
 -0.6875000   25.35907  129.34264  -40.92861  -11.61904 -183.50583  -72.36546
 -0.6796875   25.26703  127.90334  -41.49159  -11.94357 -184.95612  -71.75284
 -0.6718750   25.17244  126.45266  -42.04970  -12.27379 -186.42054  -71.12069
 -0.6640625   25.07524  124.99048  -42.60280  -12.60982 -187.89926  -70.46833
 -0.6562500   24.97539  123.51670  -43.15071  -12.95181 -189.39246  -69.79505
 -0.6484375   24.87285  122.03119  -43.69329  -13.29988 -190.90031  -69.10012
 -0.6406250   24.76757  120.53384  -44.23035  -13.65418 -192.42299  -68.38279
 -0.6328125   24.65949  119.02454  -44.76171  -14.01485 -193.96067  -67.64224
 -0.6250000   24.54857  117.50317  -45.28719  -14.38206 -195.51352  -66.87765
 -0.6171875   24.43475  115.96960  -45.80661  -14.75597 -197.08171  -66.08813
 -0.6093750   24.31799  114.42373  -46.31975  -15.13672 -198.66542  -65.27279
 -0.6015625   24.19822  112.86541  -46.82642  -15.52451 -200.26479  -64.43067
 -0.5937500   24.07540  111.29455  -47.32641  -15.91951 -201.87998  -63.56077
 -0.5859375   23.94946  109.71100  -47.81949  -16.32191 -203.51116  -62.66204
 -0.5781250   23.82035  108.11464  -48.30543  -16.73189 -205.15845  -61.73341
 -0.5703125   23.68800  106.50536  -48.78399  -17.14966 -206.82199  -60.77372
 -0.5625000   23.55236  104.88301  -49.25493  -17.57542 -208.50192  -59.78178
 -0.5546875   23.41337  103.24747  -49.71799  -18.00940 -210.19834  -58.75633
 -0.5468750   23.27094  101.59861  -50.17291  -18.45182 -211.91135  -57.69606
 -0.5390625   23.12503   99.93631  -50.61940  -18.90291 -213.64103  -56.59961
 -0.5312500   22.97556   98.26043  -51.05718  -19.36292 -215.38746  -55.46551
 -0.5234375   22.82246   96.57084  -51.48595  -19.83209 -217.15068  -54.29226
 -0.5156250   22.66566   94.86741  -51.90539  -20.31069 -218.93071  -53.07828
 -0.5078125   22.50508   93.15000  -52.31518  -20.79899 -220.72755  -51.82189
 -0.5000000   22.34065   91.41849  -52.71499  -21.29727 -222.54116  -50.52134
 -0.4921875   22.17229   89.67275  -53.10446  -21.80584 -224.37147  -49.17481
 -0.4843750   21.99991   87.91265  -53.48322  -22.32498 -226.21839  -47.78036
 -0.4765625   21.82343   86.13805  -53.85090  -22.85502 -228.08176  -46.33597
 -0.4687500   21.64277   84.34883  -54.20709  -23.39629 -229.96140  -44.83955
 -0.4609375   21.45783   82.54486  -54.55138  -23.94913 -231.85709  -43.28890
 -0.4531250   21.26853   80.72602  -54.88333  -24.51389 -233.76852  -41.68172
 -0.4453125   21.07477   78.89219  -55.20250  -25.09096 -235.69537  -40.01562
 -0.4375000   20.87645   77.04324  -55.50841  -25.68070 -237.63721  -38.28808
 -0.4296875   20.67348   75.17907  -55.80058  -26.28353 -239.59356  -36.49649
 -0.4218750   20.46574   73.29955  -56.07850  -26.89985 -241.56382  -34.63811
 -0.4140625   20.25313   71.40460  -56.34162  -27.53009 -243.54731  -32.71006
 -0.4062500   20.03554   69.49410  -56.58940  -28.17468 -245.54322  -30.70933
 -0.3984375   19.81286   67.56795  -56.82126  -28.83407 -247.55063  -28.63279
 -0.3906250   19.58497   65.62609  -57.03658  -29.50872 -249.56845  -26.47713
 -0.3828125   19.35175   63.66842  -57.23475  -30.19908 -251.59544  -24.23891
 -0.3750000   19.11307   61.69489  -57.41509  -30.90563 -253.63015  -21.91452
 -0.3671875   18.86880   59.70544  -57.57693  -31.62885 -255.67095  -19.50022
 -0.3593750   18.61882   57.70002  -57.71954  -32.36921 -257.71596  -16.99205
 -0.3515625   18.36299   55.67862  -57.84217  -33.12719 -259.76303  -14.38594
 -0.3437500   18.10116   53.64123  -57.94405  -33.90325 -261.80973  -11.67761
 -0.3359375   17.83320   51.58785  -58.02436  -34.69785 -263.85329   -8.86264
 -0.3281250   17.55896   49.51853  -58.08224  -35.51143 -265.89058   -5.93644
 -0.3203125   17.27829   47.43334  -58.11681  -36.34441 -267.91807   -2.89425
 -0.3125000   16.99103   45.33235  -58.12715  -37.19716 -269.93176    0.26882
 -0.3046875   16.69703   43.21570  -58.11229  -38.07004 -271.92717    3.55778
 -0.2968750   16.39613   41.08355  -58.07122  -38.96333 -273.89925    6.97776
 -0.2890625   16.08817   38.93610  -58.00290  -39.87726 -275.84237   10.53397
 -0.2812500   15.77299   36.77360  -57.90626  -40.81197 -277.75021   14.23167
 -0.2734375   15.45043   34.59636  -57.78015  -41.76750 -279.61573   18.07609
 -0.2656250   15.12032   32.40474  -57.62342  -42.74380 -281.43111   22.07242
 -0.2578125   14.78251   30.19915  -57.43486  -43.74064 -283.18765   26.22573
 -0.2500000   14.43682   27.98011  -57.21322  -44.75767 -284.87574   30.54086
 -0.2421875   14.08312   25.74818  -56.95723  -45.79433 -286.48481   35.02233
 -0.2343750   13.72124   23.50402  -56.66556  -46.84983 -288.00321   39.67425
 -0.2265625   13.35104   21.24840  -56.33686  -47.92315 -289.41825   44.50014
 -0.2187500   12.97239   18.98217  -55.96978  -49.01297 -290.71608   49.50278
 -0.2109375   12.58517   16.70630  -55.56292  -50.11765 -291.88172   54.68406
 -0.2031250   12.18927   14.42190  -55.11488  -51.23521 -292.89907   60.04472
 -0.1953125   11.78460   12.13018  -54.62425  -52.36323 -293.75090   65.58417
 -0.1875000   11.37108    9.83252  -54.08966  -53.49891 -294.41901   71.30022
 -0.1796875   10.94867    7.53042  -53.50974  -54.63894 -294.88430   77.18884
 -0.1718750   10.51734    5.22553  -52.88315  -55.77956 -295.12699   83.24388
 -0.1640625   10.07712    2.91969  -52.20864  -56.91645 -295.12680   89.45679
 -0.1562500    9.62804    0.61486  -51.48501  -58.04483 -294.86330   95.81641
 -0.1484375    9.17021   -1.68681  -50.71116  -59.15936 -294.31624  102.30871
 -0.1406250    8.70373   -3.98304  -49.88613  -60.25426 -293.46598  108.91661
 -0.1328125    8.22880   -6.27138  -49.00909  -61.32330 -292.29403  115.61990
 -0.1250000    7.74564   -8.54925  -48.07939  -62.35988 -290.78353  122.39518
 -0.1171875    7.25453  -10.81395  -47.09655  -63.35715 -288.91990  129.21600
 -0.1093750    6.75580  -13.06268  -46.06034  -64.30812 -286.69143  136.05302
 -0.1015625    6.24985  -15.29253  -44.97076  -65.20580 -284.08981  142.87438
 -0.0937500    5.73712  -17.50060  -43.82806  -66.04334 -281.11073  149.64618
 -0.0859375    5.21810  -19.68391  -42.63276  -66.81427 -277.75424  156.33311
 -0.0781250    4.69334  -21.83953  -41.38567  -67.51260 -274.02513  162.89915
 -0.0703125    4.16342  -23.96460  -40.08787  -68.13301 -269.93302  169.30838
 -0.0625000    3.62897  -26.05633  -38.74073  -68.67105 -265.49235  175.52586
 -0.0546875    3.09066  -28.11206  -37.34586  -69.12319 -260.72221  181.51842
 -0.0468750    2.54915  -30.12932  -35.90517  -69.48696 -255.64586  187.25550
 -0.0390625    2.00516  -32.10580  -34.42073  -69.76099 -250.29027  192.70977
 -0.0312500    1.45937  -34.03945  -32.89487  -69.94502 -244.68536  197.85776
 -0.0234375    0.91250  -35.92844  -31.33006  -70.03983 -238.86328  202.68018
 -0.0156250    0.36523  -37.77121  -29.72888  -70.04724 -232.85758  207.16220
 -0.0078125   -0.18177  -39.56646  -28.09406  -69.96993 -226.70233  211.29347
  0.0000000   -0.72784  -41.31314  -26.42835  -69.81139 -220.43132  215.06809
