-11.0000000   -2.88439   -1.15330    3.86979
-10.9843750   -2.81570   -1.07354    4.02939
-10.9687500   -2.75188   -0.99626    4.18477
-10.9531250   -2.68633   -0.92360    4.34105
-10.9375000   -2.62337   -0.85157    4.49272
-10.9218750   -2.56251   -0.78509    4.64350
-10.9062500   -2.50446   -0.72310    4.78931
-10.8906250   -2.44568   -0.66109    4.93565
-10.8750000   -2.38859   -0.60374    5.07938
-10.8593750   -2.33458   -0.54924    5.22174
-10.8437500   -2.28137   -0.49680    5.35778
-10.8281250   -2.22997   -0.44974    5.49828
-10.8125000   -2.18022   -0.40265    5.63215
-10.7968750   -2.13014   -0.35875    5.76462
-10.7812500   -2.08417   -0.31651    5.89814
-10.7656250   -2.03795   -0.27820    6.02688
-10.7500000   -1.99343   -0.24060    6.15513
-10.7343750   -1.95012   -0.20507    6.28273
-10.7187500   -1.91109   -0.17298    6.40533
-10.7031250   -1.87057   -0.14116    6.53064
-10.6875000   -1.83165   -0.11192    6.65289
-10.6718750   -1.79372   -0.08414    6.77178
-10.6562500   -1.75823   -0.05518    6.89210
-10.6406250   -1.72602   -0.03297    7.01119
-10.6250000   -1.69220   -0.00860    7.12563
-10.6093750   -1.65930    0.01575    7.24311
-10.5937500   -1.63081    0.03616    7.35692
-10.5781250   -1.60037    0.05796    7.46921
-10.5625000   -1.57523    0.07794    7.58419
-10.5468750   -1.54778    0.09787    7.69318
-10.5312500   -1.52234    0.11724    7.80663
-10.5156250   -1.49929    0.13313    7.91483
-10.5000000   -1.47651    0.15497    8.02407
-10.4843750   -1.45718    0.17070    8.13360
-10.4687500   -1.43759    0.19042    8.24187
-10.4531250   -1.41677    0.20697    8.34964
-10.4375000   -1.40054    0.22656    8.45588
-10.4218750   -1.38376    0.24656    8.56289
-10.4062500   -1.37047    0.26339    8.67047
-10.3906250   -1.35713    0.28486    8.77604
-10.3750000   -1.34276    0.30608    8.88189
-10.3593750   -1.33311    0.32475    8.98913
-10.3437500   -1.32257    0.35057    9.09501
-10.3281250   -1.31233    0.37235    9.19964
-10.3125000   -1.30680    0.39739    9.30753
-10.2968750   -1.29838    0.42556    9.41403
-10.2812500   -1.29428    0.45094    9.52077
-10.2656250   -1.28756    0.48130    9.62699
-10.2500000   -1.28673    0.51417    9.73599
-10.2343750   -1.28402    0.54561    9.84499
-10.2187500   -1.28135    0.58137    9.95171
-10.2031250   -1.28164    0.62114   10.06278
-10.1875000   -1.28375    0.65992   10.17264
-10.1718750   -1.28585    0.70308   10.28332
-10.1562500   -1.28626    0.74931   10.39776
-10.1406250   -1.29281    0.79616   10.50827
-10.1250000   -1.29661    0.84898   10.62439
-10.1093750   -1.30195    0.90408   10.73876
-10.0937500   -1.31031    0.96110   10.85638
-10.0781250   -1.31791    1.02419   10.97507
-10.0625000   -1.32495    1.08866   11.09436
-10.0468750   -1.33620    1.15753   11.21536
-10.0312500   -1.34715    1.23187   11.33815
-10.0156250   -1.35835    1.30983   11.46361
-10.0000000   -1.36929    1.39028   11.59025
 -9.9843750   -1.38434    1.47942   11.71793
 -9.9687500   -1.39709    1.56934   11.84874
 -9.9531250   -1.41365    1.66691   11.98059
 -9.9375000   -1.42783    1.76707   12.11649
 -9.9218750   -1.44508    1.87666   12.25379
 -9.9062500   -1.46309    1.98776   12.39136
 -9.8906250   -1.47876    2.10659   12.53494
 -9.8750000   -1.50004    2.23283   12.68056
 -9.8593750   -1.51991    2.36175   12.82486
 -9.8437500   -1.53739    2.50154   12.97779
 -9.8281250   -1.56134    2.64437   13.13029
 -9.8125000   -1.58018    2.79612   13.28509
 -9.7968750   -1.60518    2.95460   13.44472
 -9.7812500   -1.62516    3.12115   13.60691
 -9.7656250   -1.65144    3.29351   13.77331
 -9.7500000   -1.67270    3.47761   13.94147
 -9.7343750   -1.69941    3.66635   14.11275
 -9.7187500   -1.72335    3.86466   14.29144
 -9.7031250   -1.74972    4.07269   14.47046
 -9.6875000   -1.77635    4.28985   14.65298
 -9.6718750   -1.80019    4.51387   14.83978
 -9.6562500   -1.82815    4.74837   15.03088
 -9.6406250   -1.85396    4.99306   15.22390
 -9.6250000   -1.88080    5.24327   15.41929
 -9.6093750   -1.90778    5.50474   15.62051
 -9.5937500   -1.93290    5.77628   15.82147
 -9.5781250   -1.95982    6.05441   16.02946
 -9.5625000   -1.98619    6.34525   16.23534
 -9.5468750   -2.00882    6.64108   16.44851
 -9.5312500   -2.03382    6.94864   16.65900
 -9.5156250   -2.05820    7.26869   16.87732
 -9.5000000   -2.08063    7.59294   17.09235
 -9.4843750   -2.10230    7.93024   17.31477
 -9.4687500   -2.12165    8.27929   17.53535
 -9.4531250   -2.14226    8.63408   17.75909
 -9.4375000   -2.16065    9.00395   17.98181
 -9.4218750   -2.17476    9.38041   18.21124
 -9.4062500   -2.18979    9.77210   18.43753
 -9.3906250   -2.20385   10.16954   18.66426
 -9.3750000   -2.21451   10.58481   18.89464
 -9.3593750   -2.22293   11.00595   19.12421
 -9.3437500   -2.22764   11.44388   19.35142
 -9.3281250   -2.23243   11.89076   19.58341
 -9.3125000   -2.23416   12.35121   19.81077
 -9.2968750   -2.23182   12.82519   20.03832
 -9.2812500   -2.22774   13.31379   20.26585
 -9.2656250   -2.21735   13.81321   20.48950
 -9.2500000   -2.20840   14.33039   20.71252
 -9.2343750   -2.19145   14.86026   20.93453
 -9.2187500   -2.17216   15.40499   21.15047
 -9.2031250   -2.14922   15.96530   21.36277
 -9.1875000   -2.12158   16.54261   21.57376
 -9.1718750   -2.08839   17.13606   21.77661
 -9.1562500   -2.04964   17.74694   21.97477
 -9.1406250   -2.00981   18.37620   22.16844
 -9.1250000   -1.95847   19.02082   22.35207
 -9.1093750   -1.90587   19.68766   22.52910
 -9.0937500   -1.84524   20.37326   22.69612
 -9.0781250   -1.77783   21.07646   22.85576
 -9.0625000   -1.70439   21.80398   23.00383
 -9.0468750   -1.62235   22.55042   23.13661
 -9.0312500   -1.53434   23.32011   23.25904
 -9.0156250   -1.43600   24.11396   23.36867
 -9.0000000   -1.33320   24.92768   23.45774
 -8.9843750   -1.21773   25.76974   23.53320
 -8.9687500   -1.09282   26.63202   23.58745
 -8.9531250   -0.96252   27.52497   23.62367
 -8.9375000   -0.81556   28.43926   23.63223
 -8.9218750   -0.66249   29.38322   23.61999
 -8.9062500   -0.49595   30.35133   23.58137
 -8.8906250   -0.32061   31.35102   23.51171
 -8.8750000   -0.12839   32.37412   23.41449
 -8.8593750    0.06880   33.42770   23.28589
 -8.8437500    0.28250   34.50956   23.12513
 -8.8281250    0.50450   35.61862   22.92991
 -8.8125000    0.74056   36.75938   22.69900
 -8.7968750    0.98574   37.92531   22.42840
 -8.7812500    1.24708   39.11718   22.11772
 -8.7656250    1.51578   40.33810   21.76373
 -8.7500000    1.79922   41.58607   21.36411
 -8.7343750    2.09438   42.85460   20.91399
 -8.7187500    2.40177   44.15148   20.41409
 -8.7031250    2.72025   45.46285   19.85772
 -8.6875000    3.05117   46.79699   19.24335
 -8.6718750    3.39575   48.14600   18.56499
 -8.6562500    3.75105   49.50708   17.82412
 -8.6406250    4.12111   50.87513   17.01340
 -8.6250000    4.49775   52.25065   16.13056
 -8.6093750    4.88937   53.62045   15.17167
 -8.5937500    5.29168   54.98828   14.13620
 -8.5781250    5.70413   56.34072   13.01518
 -8.5625000    6.12646   57.67348   11.81475
 -8.5468750    6.55405   58.97811   10.52266
 -8.5312500    6.99418   60.25055    9.14682
 -8.5156250    7.43705   61.47397    7.67868
 -8.5000000    7.88612   62.64650    6.12351
 -8.4843750    8.34009   63.75268    4.47463
 -8.4687500    8.79289   64.78665    2.74354
 -8.4531250    9.24393   65.73281    0.92219
 -8.4375000    9.69347   66.58338   -0.97654
 -8.4218750   10.13783   67.32633   -2.95613
 -8.4062500   10.56962   67.94769   -5.00487
 -8.3906250   10.99409   68.44490   -7.11757
 -8.3750000   11.40282   68.79706   -9.28883
 -8.3593750   11.79572   69.00558  -11.50861
 -8.3437500   12.17062   69.05568  -13.77065
 -8.3281250   12.52720   68.94246  -16.06671
 -8.3125000   12.86118   68.66348  -18.37814
 -8.2968750   13.16651   68.20915  -20.69803
 -8.2812500   13.44760   67.58092  -23.01181
 -8.2656250   13.70110   66.77313  -25.30901
 -8.2500000   13.91794   65.79491  -27.57055
 -8.2343750   14.10659   64.64142  -29.78271
 -8.2187500   14.25978   63.32083  -31.93979
 -8.2031250   14.37738   61.84019  -34.01767
 -8.1875000   14.45763   60.20716  -36.01352
 -8.1718750   14.50439   58.42866  -37.91113
 -8.1562500   14.51385   56.52300  -39.69939
 -8.1406250   14.48628   54.49275  -41.37351
 -8.1250000   14.42766   52.35957  -42.92658
 -8.1093750   14.33149   50.13454  -44.34884
 -8.0937500   14.20680   47.83042  -45.64172
 -8.0781250   14.05091   45.46267  -46.79633
 -8.0625000   13.87046   43.04763  -47.82274
 -8.0468750   13.66242   40.59453  -48.70884
 -8.0312500   13.43400   38.12238  -49.47059
 -8.0156250   13.18426   35.64268  -50.10008
 -8.0000000   12.92134   33.16722  -50.61070
 -7.9843750   12.64212   30.70401  -51.00236
 -7.9687500   12.35083   28.26932  -51.28213
 -7.9531250   12.05136   25.86486  -51.45616
 -7.9375000   11.74443   23.50288  -51.52560
 -7.9218750   11.42806   21.19204  -51.50394
 -7.9062500   11.11037   18.93371  -51.39138
 -7.8906250   10.78795   16.73105  -51.19834
 -7.8750000   10.46644   14.59818  -50.93028
 -7.8593750   10.14160   12.52538  -50.59363
 -7.8437500    9.82092   10.52383  -50.19624
 -7.8281250    9.49999    8.59447  -49.74292
 -7.8125000    9.18727    6.73485  -49.23991
 -7.7968750    8.87201    4.94704  -48.69293
 -7.7812500    8.56886    3.23033  -48.10647
 -7.7656250    8.26545    1.58770  -47.48948
 -7.7500000    7.97322    0.01590  -46.84067
 -7.7343750    7.68309   -1.48618  -46.16917
 -7.7187500    7.40120   -2.92171  -45.47738
 -7.7031250    7.12965   -4.28777  -44.76867
 -7.6875000    6.86210   -5.58719  -44.04535
 -7.6718750    6.60168   -6.82511  -43.31336
 -7.6562500    6.35017   -8.00035  -42.57163
 -7.6406250    6.10700   -9.11399  -41.82578
 -7.6250000    5.86607  -10.17168  -41.07499
 -7.6093750    5.63867  -11.17215  -40.32573
 -7.5937500    5.41426  -12.11750  -39.57316
 -7.5781250    5.19689  -13.01235  -38.82368
 -7.5625000    4.98463  -13.85655  -38.07670
 -7.5468750    4.78223  -14.65109  -37.33258
 -7.5312500    4.58239  -15.39993  -36.59330
 -7.5156250    4.38856  -16.10653  -35.85806
 -7.5000000    4.19857  -16.76751  -35.13020
 -7.4843750    4.01515  -17.38740  -34.40632
 -7.4687500    3.83704  -17.96807  -33.68941
 -7.4531250    3.66078  -18.51221  -32.97997
 -7.4375000    3.49026  -19.02115  -32.28131
 -7.4218750    3.32658  -19.49415  -31.58961
 -7.4062500    3.16296  -19.93515  -30.90348
 -7.3906250    3.00542  -20.34409  -30.23346
 -7.3750000    2.85441  -20.72404  -29.56813
 -7.3593750    2.70501  -21.07529  -28.91507
 -7.3437500    2.55865  -21.40188  -28.26953
 -7.3281250    2.41905  -21.69920  -27.63945
 -7.3125000    2.28081  -21.97200  -27.01400
 -7.2968750    2.14743  -22.22309  -26.40372
 -7.2812500    2.01898  -22.44965  -25.80207
 -7.2656250    1.89106  -22.65754  -25.20875
 -7.2500000    1.76829  -22.84371  -24.62884
 -7.2343750    1.64881  -23.00763  -24.05996
 -7.2187500    1.53155  -23.15601  -23.49871
 -7.2031250    1.41895  -23.28642  -22.95065
 -7.1875000    1.30905  -23.39901  -22.41068
 -7.1718750    1.20258  -23.49390  -21.88212
 -7.1562500    1.09653  -23.57545  -21.36405
 -7.1406250    0.99574  -23.64049  -20.85417
 -7.1250000    0.89806  -23.69300  -20.35425
 -7.1093750    0.80128  -23.73000  -19.86754
 -7.0937500    0.70959  -23.75594  -19.38552
 -7.0781250    0.61676  -23.76951  -18.91796
 -7.0625000    0.52945  -23.76780  -18.45670
 -7.0468750    0.44389  -23.75993  -18.00668
 -7.0312500    0.36276  -23.73827  -17.56313
 -7.0156250    0.28059  -23.70531  -17.13172
 -7.0000000    0.20209  -23.66686  -16.70823
 -6.9843750    0.12753  -23.61345  -16.29270
 -6.9687500    0.05339  -23.55521  -15.88769
 -6.9531250   -0.01795  -23.48731  -15.49017
 -6.9375000   -0.08552  -23.40994  -15.10223
 -6.9218750   -0.15461  -23.32712  -14.72115
 -6.9062500   -0.21739  -23.23601  -14.35116
 -6.8906250   -0.27936  -23.13772  -13.98602
 -6.8750000   -0.34092  -23.03086  -13.63131
 -6.8593750   -0.39920  -22.91958  -13.28411
 -6.8437500   -0.45323  -22.80241  -12.94428
 -6.8281250   -0.50875  -22.67956  -12.61228
 -6.8125000   -0.56030  -22.55045  -12.28939
 -6.7968750   -0.61052  -22.41573  -11.97320
 -6.7812500   -0.65650  -22.27630  -11.66296
 -6.7656250   -0.70280  -22.13288  -11.36327
 -6.7500000   -0.74719  -21.98475  -11.06797
 -6.7343750   -0.78903  -21.83068  -10.78246
 -6.7187500   -0.82743  -21.67560  -10.50179
 -6.7031250   -0.86682  -21.51298  -10.22923
 -6.6875000   -0.90263  -21.35094   -9.96215
 -6.6718750   -0.93674  -21.18249   -9.70388
 -6.6562500   -0.96935  -21.00972   -9.45001
 -6.6406250   -1.00051  -20.83895   -9.20111
 -6.6250000   -1.03122  -20.65972   -8.96286
 -6.6093750   -1.05979  -20.47945   -8.72555
 -6.5937500   -1.08405  -20.29857   -8.49686
 -6.5781250   -1.10983  -20.11494   -8.27327
 -6.5625000   -1.13382  -19.92594   -8.05657
 -6.5468750   -1.15572  -19.73720   -7.84270
 -6.5312500   -1.17757  -19.54661   -7.63638
 -6.5156250   -1.19622  -19.35452   -7.43530
 -6.5000000   -1.21592  -19.15943   -7.23559
 -6.4843750   -1.23303  -18.96265   -7.04721
 -6.4687500   -1.24676  -18.76738   -6.85835
 -6.4531250   -1.26461  -18.56936   -6.67659
 -6.4375000   -1.27569  -18.36657   -6.50033
 -6.4218750   -1.28954  -18.16977   -6.32720
 -6.4062500   -1.30110  -17.96562   -6.15935
 -6.3906250   -1.31200  -17.76368   -5.99419
 -6.3750000   -1.32111  -17.56314   -5.83709
 -6.3593750   -1.32866  -17.35978   -5.68054
 -6.3437500   -1.33782  -17.15552   -5.53005
 -6.3281250   -1.34310  -16.95183   -5.38379
 -6.3125000   -1.34979  -16.74928   -5.24055
 -6.2968750   -1.35478  -16.54358   -5.10155
 -6.2812500   -1.35896  -16.34310   -4.96603
 -6.2656250   -1.36309  -16.13873   -4.83531
 -6.2500000   -1.36307  -15.93465   -4.70833
 -6.2343750   -1.36659  -15.73441   -4.58482
 -6.2187500   -1.36716  -15.53208   -4.46297
 -6.2031250   -1.36760  -15.33150   -4.34742
 -6.1875000   -1.36713  -15.13065   -4.23390
 -6.1718750   -1.36670  -14.93160   -4.12422
 -6.1562500   -1.36515  -14.73417   -4.01582
 -6.1406250   -1.36315  -14.53698   -3.91513
 -6.1250000   -1.35795  -14.34204   -3.81340
 -6.1093750   -1.35723  -14.14783   -3.71605
 -6.0937500   -1.35300  -13.95336   -3.62257
 -6.0781250   -1.34718  -13.76390   -3.53179
 -6.0625000   -1.34340  -13.57290   -3.44455
 -6.0468750   -1.33711  -13.38658   -3.35794
 -6.0312500   -1.33063  -13.20140   -3.27753
 -6.0156250   -1.32621  -13.01601   -3.19775
 -6.0000000   -1.31903  -12.83586   -3.11975
 -5.9843750   -1.31105  -12.65556   -3.04727
 -5.9687500   -1.30274  -12.47982   -2.97601
 -5.9531250   -1.29531  -12.30325   -2.90865
 -5.9375000   -1.28763  -12.13120   -2.84025
 -5.9218750   -1.28013  -11.96180   -2.77858
 -5.9062500   -1.26865  -11.79659   -2.71737
 -5.8906250   -1.26094  -11.63184   -2.65959
 -5.8750000   -1.25060  -11.46975   -2.60412
 -5.8593750   -1.24075  -11.31257   -2.54896
 -5.8437500   -1.23248  -11.15684   -2.49878
 -5.8281250   -1.22102  -11.00561   -2.45033
 -5.8125000   -1.20985  -10.85768   -2.40336
 -5.7968750   -1.20046  -10.71260   -2.35916
 -5.7812500   -1.19010  -10.57038   -2.31684
 -5.7656250   -1.17751  -10.43323   -2.27740
 -5.7500000   -1.16642  -10.29886   -2.23890
 -5.7343750   -1.15597  -10.16735   -2.20441
 -5.7187500   -1.14559  -10.04093   -2.16884
 -5.7031250   -1.13289   -9.91554   -2.13862
 -5.6875000   -1.12053   -9.79657   -2.10763
 -5.6718750   -1.11058   -9.67864   -2.08096
 -5.6562500   -1.09656   -9.56406   -2.05364
 -5.6406250   -1.08691   -9.45489   -2.03076
 -5.6250000   -1.07317   -9.34400   -2.00619
 -5.6093750   -1.06173   -9.24311   -1.98654
 -5.5937500   -1.05050   -9.13846   -1.96753
 -5.5781250   -1.03694   -9.04158   -1.94898
 -5.5625000   -1.02447   -8.94451   -1.93338
 -5.5468750   -1.01150   -8.85252   -1.91865
 -5.5312500   -1.00178   -8.76337   -1.90565
 -5.5156250   -0.98660   -8.67387   -1.89246
 -5.5000000   -0.97560   -8.59093   -1.88263
 -5.4843750   -0.96165   -8.50916   -1.87395
 -5.4687500   -0.94987   -8.42941   -1.86535
 -5.4531250   -0.93717   -8.35297   -1.86013
 -5.4375000   -0.92452   -8.27785   -1.85389
 -5.4218750   -0.91290   -8.20630   -1.84892
 -5.4062500   -0.89892   -8.13660   -1.84658
 -5.3906250   -0.88597   -8.07160   -1.84362
 -5.3750000   -0.87335   -8.00470   -1.84321
 -5.3593750   -0.86175   -7.94181   -1.84240
 -5.3437500   -0.84793   -7.88313   -1.84425
 -5.3281250   -0.83623   -7.82311   -1.84477
 -5.3125000   -0.82344   -7.76829   -1.84918
 -5.2968750   -0.81055   -7.71343   -1.85112
 -5.2812500   -0.79856   -7.66076   -1.85584
 -5.2656250   -0.78446   -7.61158   -1.85959
 -5.2500000   -0.77377   -7.56237   -1.86673
 -5.2343750   -0.76172   -7.51448   -1.87379
 -5.2187500   -0.74714   -7.47048   -1.87948
 -5.2031250   -0.73594   -7.42714   -1.88737
 -5.1875000   -0.72387   -7.38633   -1.89467
 -5.1718750   -0.71244   -7.34510   -1.90529
 -5.1562500   -0.69859   -7.30771   -1.91199
 -5.1406250   -0.68703   -7.26894   -1.92422
 -5.1250000   -0.67658   -7.23337   -1.93160
 -5.1093750   -0.66349   -7.20015   -1.94376
 -5.0937500   -0.65128   -7.16675   -1.95449
 -5.0781250   -0.64015   -7.13448   -1.96547
 -5.0625000   -0.62803   -7.10469   -1.97608
 -5.0468750   -0.61867   -7.07507   -1.98849
 -5.0312500   -0.60386   -7.04592   -1.99945
 -5.0156250   -0.59629   -7.02041   -2.01127
 -5.0000000   -0.58211   -6.99201   -2.02405
 -4.9843750   -0.57197   -6.96662   -2.03552
 -4.9687500   -0.56192   -6.94427   -2.04798
 -4.9531250   -0.55034   -6.91833   -2.06037
 -4.9375000   -0.53968   -6.89741   -2.07168
 -4.9218750   -0.53007   -6.87336   -2.08446
 -4.9062500   -0.51987   -6.85338   -2.09831
 -4.8906250   -0.50734   -6.83047   -2.10763
 -4.8750000   -0.50009   -6.81210   -2.11959
 -4.8593750   -0.48828   -6.79182   -2.13315
 -4.8437500   -0.47921   -6.77166   -2.14253
 -4.8281250   -0.46895   -6.75313   -2.15453
 -4.8125000   -0.45973   -6.73423   -2.16605
 -4.7968750   -0.45233   -6.71679   -2.17571
 -4.7812500   -0.44116   -6.69675   -2.18594
 -4.7656250   -0.43294   -6.67971   -2.19584
 -4.7500000   -0.42451   -6.66160   -2.20524
 -4.7343750   -0.41468   -6.64431   -2.21348
 -4.7187500   -0.40793   -6.62592   -2.22443
 -4.7031250   -0.39958   -6.60864   -2.22870
 -4.6875000   -0.38978   -6.59031   -2.23928
 -4.6718750   -0.38426   -6.57140   -2.24456
 -4.6562500   -0.37637   -6.55598   -2.25159
 -4.6406250   -0.36968   -6.53442   -2.25639
 -4.6250000   -0.35957   -6.51765   -2.26030
 -4.6093750   -0.35574   -6.49826   -2.26662
 -4.5937500   -0.34735   -6.47714   -2.26868
 -4.5781250   -0.34166   -6.45821   -2.27177
 -4.5625000   -0.33574   -6.43884   -2.27316
 -4.5468750   -0.32929   -6.41573   -2.27569
 -4.5312500   -0.32349   -6.39660   -2.27489
 -4.5156250   -0.31754   -6.37380   -2.27413
 -4.5000000   -0.31345   -6.35137   -2.27368
 -4.4843750   -0.30767   -6.32875   -2.27219
 -4.4687500   -0.30154   -6.30691   -2.26954
 -4.4531250   -0.29850   -6.28426   -2.26686
 -4.4375000   -0.29313   -6.25885   -2.26308
 -4.4218750   -0.29033   -6.23712   -2.25905
 -4.4062500   -0.28397   -6.21074   -2.25301
 -4.3906250   -0.28155   -6.18910   -2.25010
 -4.3750000   -0.27686   -6.16349   -2.24250
 -4.3593750   -0.27408   -6.13795   -2.23562
 -4.3437500   -0.27186   -6.11297   -2.22900
 -4.3281250   -0.26601   -6.08750   -2.22299
 -4.3125000   -0.26546   -6.06349   -2.21224
 -4.2968750   -0.26247   -6.03747   -2.20552
 -4.2812500   -0.25891   -6.01142   -2.19552
 -4.2656250   -0.25745   -5.98463   -2.18727
 -4.2500000   -0.25557   -5.95929   -2.17758
 -4.2343750   -0.25214   -5.93312   -2.16709
 -4.2187500   -0.25084   -5.90692   -2.15498
 -4.2031250   -0.25037   -5.87979   -2.14401
 -4.1875000   -0.24735   -5.85404   -2.13572
 -4.1718750   -0.24729   -5.82827   -2.12021
 -4.1562500   -0.24586   -5.80025   -2.11074
 -4.1406250   -0.24410   -5.77464   -2.09863
 -4.1250000   -0.24433   -5.74901   -2.08440
 -4.1093750   -0.24321   -5.72093   -2.07196
 -4.0937500   -0.24278   -5.69496   -2.05999
 -4.0781250   -0.24222   -5.66816   -2.04505
 -4.0625000   -0.24266   -5.64321   -2.03263
 -4.0468750   -0.24363   -5.61491   -2.01859
 -4.0312500   -0.24107   -5.59072   -2.00561
 -4.0156250   -0.24379   -5.56327   -1.98959
 -4.0000000   -0.24317   -5.53861   -1.97620
 -3.9843750   -0.24417   -5.51161   -1.96303
 -3.9687500   -0.24417   -5.48648   -1.94665
 -3.9531250   -0.24709   -5.46126   -1.93359
 -3.9375000   -0.24620   -5.43658   -1.91768
 -3.9218750   -0.24640   -5.41037   -1.90483
 -3.9062500   -0.25092   -5.38614   -1.88787
 -3.8906250   -0.24965   -5.36263   -1.87533
 -3.8750000   -0.25249   -5.33742   -1.86042
 -3.8593750   -0.25507   -5.31381   -1.84325
 -3.8437500   -0.25407   -5.28974   -1.83171
 -3.8281250   -0.25843   -5.26622   -1.81577
 -3.8125000   -0.25969   -5.24347   -1.80148
 -3.7968750   -0.26346   -5.22217   -1.78632
 -3.7812500   -0.26274   -5.19813   -1.77407
 -3.7656250   -0.26727   -5.17860   -1.75718
 -3.7500000   -0.26874   -5.15421   -1.74439
 -3.7343750   -0.27294   -5.13559   -1.73058
 -3.7187500   -0.27387   -5.11421   -1.71724
 -3.7031250   -0.27884   -5.09407   -1.70259
 -3.6875000   -0.28027   -5.07525   -1.69096
 -3.6718750   -0.28274   -5.05453   -1.67769
 -3.6562500   -0.28844   -5.03742   -1.66365
 -3.6406250   -0.28960   -5.01946   -1.65063
 -3.6250000   -0.29463   -5.00147   -1.64077
 -3.6093750   -0.29630   -4.98483   -1.62892
 -3.5937500   -0.30010   -4.96934   -1.61516
 -3.5781250   -0.30515   -4.95260   -1.60535
 -3.5625000   -0.30888   -4.93707   -1.59393
 -3.5468750   -0.31313   -4.92390   -1.58302
 -3.5312500   -0.31505   -4.90967   -1.57473
 -3.5156250   -0.32026   -4.89746   -1.56345
 -3.5000000   -0.32439   -4.88503   -1.55468
 -3.4843750   -0.32830   -4.87249   -1.54649
 -3.4687500   -0.33324   -4.86315   -1.53836
 -3.4531250   -0.33780   -4.85242   -1.52935
 -3.4375000   -0.34025   -4.84257   -1.52295
 -3.4218750   -0.34802   -4.83575   -1.51676
 -3.4062500   -0.35015   -4.82648   -1.50939
 -3.3906250   -0.35529   -4.82116   -1.50343
 -3.3750000   -0.36068   -4.81459   -1.49992
 -3.3593750   -0.36570   -4.81079   -1.49438
 -3.3437500   -0.36933   -4.80635   -1.49200
 -3.3281250   -0.37429   -4.80164   -1.48745
 -3.3125000   -0.38145   -4.80209   -1.48417
 -3.2968750   -0.38489   -4.79893   -1.48342
 -3.2812500   -0.38935   -4.79945   -1.48071
 -3.2656250   -0.39621   -4.79874   -1.48045
 -3.2500000   -0.40077   -4.80091   -1.48046
 -3.2343750   -0.40605   -4.80280   -1.47933
 -3.2187500   -0.41035   -4.80557   -1.47877
 -3.2031250   -0.41679   -4.81111   -1.48192
 -3.1875000   -0.42102   -4.81315   -1.48089
 -3.1718750   -0.42654   -4.82134   -1.48251
 -3.1562500   -0.43405   -4.82594   -1.48611
 -3.1406250   -0.43610   -4.83254   -1.48874
 -3.1250000   -0.44454   -4.84331   -1.48942
 -3.1093750   -0.44757   -4.84920   -1.49310
 -3.0937500   -0.45272   -4.85931   -1.49752
 -3.0781250   -0.45954   -4.87166   -1.50021
 -3.0625000   -0.46592   -4.88148   -1.50455
 -3.0468750   -0.46777   -4.89502   -1.50857
 -3.0312500   -0.47543   -4.90521   -1.51322
 -3.0156250   -0.48112   -4.92057   -1.51751
 -3.0000000   -0.48525   -4.93397   -1.52254
 -2.9843750   -0.48962   -4.95118   -1.52732
 -2.9687500   -0.49649   -4.96490   -1.53280
 -2.9531250   -0.50112   -4.98280   -1.53714
 -2.9375000   -0.50554   -5.00074   -1.54448
 -2.9218750   -0.51029   -5.01914   -1.54828
 -2.9062500   -0.51642   -5.03628   -1.55402
 -2.8906250   -0.52152   -5.05790   -1.56007
 -2.8750000   -0.52627   -5.07916   -1.56701
 -2.8593750   -0.52915   -5.09799   -1.57147
 -2.8437500   -0.53651   -5.12317   -1.57709
 -2.8281250   -0.53866   -5.14406   -1.58393
 -2.8125000   -0.54511   -5.16979   -1.58852
 -2.7968750   -0.54859   -5.19221   -1.59432
 -2.7812500   -0.55332   -5.21880   -1.60051
 -2.7656250   -0.55913   -5.24527   -1.60666
 -2.7500000   -0.56067   -5.27119   -1.61062
 -2.7343750   -0.56683   -5.29833   -1.61601
 -2.7187500   -0.57092   -5.32958   -1.62175
 -2.7031250   -0.57297   -5.35600   -1.62572
 -2.6875000   -0.57967   -5.38665   -1.63215
 -2.6718750   -0.58211   -5.41933   -1.63553
 -2.6562500   -0.58552   -5.44836   -1.63918
 -2.6406250   -0.58925   -5.48272   -1.64368
 -2.6250000   -0.59231   -5.51670   -1.64858
 -2.6093750   -0.59756   -5.54810   -1.65054
 -2.5937500   -0.59858   -5.58584   -1.65403
 -2.5781250   -0.60315   -5.62025   -1.65611
 -2.5625000   -0.60685   -5.65829   -1.65891
 -2.5468750   -0.60823   -5.69406   -1.66125
 -2.5312500   -0.61111   -5.73471   -1.66190
 -2.5156250   -0.61538   -5.77176   -1.66244
 -2.5000000   -0.61646   -5.81279   -1.66497
 -2.4843750   -0.61978   -5.85469   -1.66382
 -2.4687500   -0.62143   -5.89594   -1.66331
 -2.4531250   -0.62532   -5.93897   -1.66181
 -2.4375000   -0.62614   -5.98377   -1.66145
 -2.4218750   -0.62903   -6.02793   -1.65957
 -2.4062500   -0.62909   -6.07362   -1.65424
 -2.3906250   -0.63278   -6.12023   -1.65250
 -2.3750000   -0.63460   -6.17045   -1.64869
 -2.3593750   -0.63609   -6.21657   -1.64256
 -2.3437500   -0.63571   -6.26739   -1.63787
 -2.3281250   -0.63892   -6.31806   -1.63219
 -2.3125000   -0.63913   -6.37211   -1.62325
 -2.2968750   -0.64054   -6.42317   -1.61572
 -2.2812500   -0.64209   -6.47879   -1.60666
 -2.2656250   -0.64166   -6.53380   -1.59788
 -2.2500000   -0.64375   -6.59089   -1.58622
 -2.2343750   -0.64495   -6.64741   -1.57499
 -2.2187500   -0.64484   -6.70941   -1.56231
 -2.2031250   -0.64469   -6.76708   -1.54986
 -2.1875000   -0.64490   -6.82924   -1.53343
 -2.1718750   -0.64728   -6.89298   -1.51945
 -2.1562500   -0.64638   -6.95666   -1.50176
 -2.1406250   -0.64932   -7.02157   -1.48657
 -2.1250000   -0.64772   -7.08883   -1.46845
 -2.1093750   -0.65010   -7.15599   -1.45012
 -2.0937500   -0.65126   -7.22349   -1.42878
 -2.0781250   -0.65294   -7.29657   -1.40999
 -2.0625000   -0.65513   -7.36551   -1.38914
 -2.0468750   -0.65670   -7.44065   -1.36620
 -2.0312500   -0.65976   -7.51187   -1.34564
 -2.0156250   -0.66231   -7.59050   -1.32199
 -2.0000000   -0.66738   -7.66465   -1.29911
 -1.9843750   -0.67130   -7.74208   -1.27290
 -1.9687500   -0.67410   -7.82416   -1.24810
 -1.9531250   -0.68056   -7.90361   -1.22435
 -1.9375000   -0.68719   -7.98485   -1.19505
 -1.9218750   -0.69360   -8.06951   -1.17028
 -1.9062500   -0.70168   -8.15498   -1.14325
 -1.8906250   -0.70743   -8.24095   -1.11250
 -1.8750000   -0.71863   -8.32884   -1.08426
 -1.8593750   -0.72939   -8.41968   -1.05634
 -1.8437500   -0.73820   -8.51081   -1.02574
 -1.8281250   -0.75094   -8.60230   -0.99292
 -1.8125000   -0.76431   -8.69785   -0.96354
 -1.7968750   -0.77798   -8.79584   -0.92988
 -1.7812500   -0.79408   -8.89186   -0.89725
 -1.7656250   -0.81028   -8.99459   -0.86396
 -1.7500000   -0.82754   -9.09614   -0.83061
 -1.7343750   -0.84694   -9.19865   -0.79401
 -1.7187500   -0.86644   -9.30751   -0.75856
 -1.7031250   -0.89007   -9.41305   -0.72059
 -1.6875000   -0.91238   -9.52668   -0.68602
 -1.6718750   -0.93840   -9.63780   -0.64428
 -1.6562500   -0.96386   -9.75448   -0.60734
 -1.6406250   -0.99186   -9.87147   -0.56668
 -1.6250000   -1.02167   -9.99175   -0.52408
 -1.6093750   -1.05511  -10.11533   -0.48134
 -1.5937500   -1.08850  -10.24074   -0.43853
 -1.5781250   -1.12370  -10.36915   -0.39323
 -1.5625000   -1.16016  -10.50240   -0.34594
 -1.5468750   -1.20205  -10.63589   -0.30097
 -1.5312500   -1.24356  -10.77485   -0.24966
 -1.5156250   -1.28762  -10.91610   -0.19973
 -1.5000000   -1.33445  -11.06212   -0.14728
 -1.4843750   -1.38368  -11.20859   -0.09236
 -1.4687500   -1.43418  -11.36185   -0.03738
 -1.4531250   -1.48908  -11.51768    0.02170
 -1.4375000   -1.54520  -11.67965    0.08069
 -1.4218750   -1.60636  -11.84300    0.14556
 -1.4062500   -1.66712  -12.01109    0.20948
 -1.3906250   -1.73393  -12.18710    0.27740
 -1.3750000   -1.80311  -12.36486    0.34748
 -1.3593750   -1.87231  -12.54815    0.42322
 -1.3437500   -1.94931  -12.73615    0.49782
 -1.3281250   -2.02739  -12.93154    0.57969
 -1.3125000   -2.10779  -13.12893    0.66423
 -1.2968750   -2.19422  -13.33575    0.75271
 -1.2812500   -2.27951  -13.54544    0.84575
 -1.2656250   -2.37044  -13.76097    0.94268
 -1.2500000   -2.46208  -13.98348    1.04443
 -1.2343750   -2.55562  -14.21045    1.15467
 -1.2187500   -2.65153  -14.44385    1.26808
 -1.2031250   -2.74827  -14.68366    1.38830
 -1.1875000   -2.84910  -14.93026    1.51673
 -1.1718750   -2.94764  -15.18051    1.64933
 -1.1562500   -3.04869  -15.44243    1.79291
 -1.1406250   -3.15157  -15.70504    1.94358
 -1.1250000   -3.25326  -15.97979    2.10504
 -1.1093750   -3.35824  -16.25995    2.27201
 -1.0937500   -3.46134  -16.54677    2.45248
 -1.0781250   -3.56600  -16.84264    2.64528
 -1.0625000   -3.67133  -17.14866    2.84738
 -1.0468750   -3.77513  -17.45783    3.06294
 -1.0312500   -3.87985  -17.78160    3.29284
 -1.0156250   -3.98486  -18.11099    3.53660
 -1.0000000   -4.09097  -18.45236    3.79847
 -0.9843750   -4.19470  -18.80213    4.07248
 -0.9687500   -4.29859  -19.16366    4.36973
 -0.9531250   -4.40484  -19.53524    4.68483
 -0.9375000   -4.50793  -19.91922    5.02028
 -0.9218750   -4.61406  -20.31460    5.37906
 -0.9062500   -4.71787  -20.72187    5.76088
 -0.8906250   -4.82343  -21.14547    6.17199
 -0.8750000   -4.92950  -21.57989    6.60606
 -0.8593750   -5.03535  -22.03026    7.07585
 -0.8437500   -5.14096  -22.49370    7.57629
 -0.8281250   -5.25025  -22.97474    8.11046
 -0.8125000   -5.35854  -23.47333    8.68597
 -0.7968750   -5.47142  -23.98760    9.30065
 -0.7812500   -5.58397  -24.51782    9.95870
 -0.7656250   -5.70051  -25.07081   10.66761
 -0.7500000   -5.81843  -25.64162   11.42897
 -0.7343750   -5.94296  -26.23001   12.24408
 -0.7187500   -6.06872  -26.84278   13.12474
 -0.7031250   -6.20259  -27.47506   14.06952
 -0.6875000   -6.34527  -28.13094   15.08185
 -0.6718750   -6.49426  -28.81320   16.16368
 -0.6562500   -6.65863  -29.51931   17.31806
 -0.6406250   -6.84036  -30.25558   18.54933
 -0.6250000   -7.03865  -31.01827   19.85630
 -0.6093750   -7.26112  -31.81175   21.24935
 -0.5937500   -7.50513  -32.63572   22.73082
 -0.5781250   -7.78233  -33.48796   24.30942
 -0.5625000   -8.08820  -34.36796   25.99411
 -0.5468750   -8.43216  -35.27680   27.79391
 -0.5312500   -8.81185  -36.21004   29.71809
 -0.5156250   -9.24105  -37.16118   31.78779
 -0.5000000   -9.71385  -38.12886   34.01048
 -0.4843750  -10.24006  -39.10198   36.40707
 -0.4687500  -10.82343  -40.07169   38.99874
 -0.4531250  -11.46648  -41.02849   41.81094
 -0.4375000  -12.17989  -41.94652   44.86514
 -0.4218750  -12.95922  -42.81146   48.19385
 -0.4062500  -13.81473  -43.59140   51.82715
 -0.3906250  -14.74937  -44.25205   55.80487
 -0.3750000  -15.76560  -44.74747   60.16308
 -0.3593750  -16.86640  -45.01895   64.94338
 -0.3437500  -18.04818  -45.00350   70.18627
 -0.3281250  -19.31385  -44.60542   75.93899
 -0.3125000  -20.65738  -43.75181   82.25016
 -0.2968750  -22.06716  -42.36595   89.17547
 -0.2812500  -23.52543  -40.34813   96.76838
 -0.2656250  -25.01499  -37.56683  105.04932
 -0.2500000  -26.49614  -33.85611  114.00767
 -0.2343750  -27.92147  -29.01904  123.59759
 -0.2187500  -29.23192  -22.82941  133.69786
 -0.2031250  -30.34291  -15.05234  144.10248
 -0.1875000  -31.15424   -5.44747  154.49724
 -0.1718750  -31.55113    6.16980  164.44707
 -0.1562500  -31.40203   19.90159  173.37197
 -0.1406250  -30.57507   35.67959  180.56605
 -0.1250000  -28.95215   53.22070  185.24703
 -0.1093750  -26.45782   71.98288  186.61550
 -0.0937500  -23.07003   91.27284  183.98222
 -0.0781250  -18.85211  110.17729  176.90129
 -0.0625000  -13.95776  127.61764  165.30152
 -0.0468750   -8.61406  142.53023  149.54913
 -0.0312500   -3.10218  154.05992  130.40607
 -0.0156250    2.29541  161.68785  108.92949
  0.0000000    7.33508  165.31889   86.28876
