-5 -0.085305 -3.09499 -1.70503
-4.75 -0.104962 -3.19381 -1.6645
-4.5 -0.126428 -3.31348 -1.62867
-4.25 -0.150306 -3.45745 -1.59661
-4 -0.177355 -3.63023 -1.56728
-3.75 -0.208563 -3.8378 -1.53939
-3.5 -0.245248 -4.08817 -1.51127
-3.25 -0.289223 -4.39225 -1.48054
-3 -0.343752 -4.78136 -1.44557
-2.99219 -0.344092 -4.79673 -1.45411
-2.98438 -0.343539 -4.80589 -1.4632
-2.97656 -0.342435 -4.81108 -1.47253
-2.96875 -0.342687 -4.82539 -1.4808
-2.96094 -0.344201 -4.84817 -1.48808
-2.95312 -0.345418 -4.86871 -1.49543
-2.94531 -0.346011 -4.8848 -1.50307
-2.9375 -0.346574 -4.90051 -1.5106
-2.92969 -0.347231 -4.91666 -1.51793
-2.92188 -0.347921 -4.93285 -1.5251
-2.91406 -0.348617 -4.9489 -1.53214
-2.90625 -0.349354 -4.96505 -1.53902
-2.89844 -0.350117 -4.98118 -1.54574
-2.89062 -0.350884 -4.99718 -1.55234
-2.88281 -0.351671 -5.01312 -1.55879
-2.875 -0.352528 -5.02934 -1.56505
-2.86719 -0.353448 -5.04581 -1.57113
-2.85938 -0.354429 -5.06249 -1.57703
-2.85156 -0.35542 -5.07905 -1.58279
-2.84375 -0.356434 -5.0956 -1.5884
-2.83594 -0.357514 -5.11239 -1.59383
-2.82812 -0.35865 -5.12938 -1.59908
-2.82031 -0.359814 -5.14637 -1.60418
-2.8125 -0.361001 -5.16333 -1.60912
-2.80469 -0.36222 -5.18032 -1.61391
-2.79688 -0.363475 -5.19738 -1.61854
-2.78906 -0.364774 -5.21453 -1.62301
-2.78125 -0.366114 -5.23178 -1.6273
-2.77344 -0.367487 -5.24906 -1.63144
-2.76562 -0.368895 -5.2664 -1.63542
-2.75781 -0.37035 -5.28386 -1.63923
-2.75 -0.371848 -5.30142 -1.64286
-2.74219 -0.373378 -5.31901 -1.64635
-2.73438 -0.374942 -5.33665 -1.64968
-2.72656 -0.376549 -5.35439 -1.65283
-2.71875 -0.3782 -5.37223 -1.65582
-2.71094 -0.379892 -5.39016 -1.65864
-2.70312 -0.381625 -5.40818 -1.66129
-2.69531 -0.383398 -5.42627 -1.66378
-2.6875 -0.385211 -5.44445 -1.6661
-2.67969 -0.387068 -5.46273 -1.66824
-2.67188 -0.388968 -5.48111 -1.67022
-2.66406 -0.39091 -5.49957 -1.67203
-2.65625 -0.392892 -5.51812 -1.67368
-2.64844 -0.394916 -5.53676 -1.67515
-2.64062 -0.396983 -5.5555 -1.67645
-2.63281 -0.399094 -5.57433 -1.67759
-2.625 -0.401247 -5.59327 -1.67855
-2.61719 -0.403444 -5.6123 -1.67934
-2.60938 -0.405684 -5.63143 -1.67996
-2.60156 -0.407968 -5.65066 -1.68041
-2.59375 -0.410297 -5.67 -1.68069
-2.58594 -0.41267 -5.68945 -1.68079
-2.57812 -0.415088 -5.709 -1.68072
-2.57031 -0.417551 -5.72866 -1.68047
-2.5625 -0.42006 -5.74843 -1.68005
-2.55469 -0.422615 -5.76831 -1.67945
-2.54688 -0.425215 -5.7883 -1.67868
-2.53906 -0.427861 -5.8084 -1.67773
-2.53125 -0.430555 -5.82863 -1.67661
-2.52344 -0.433296 -5.84897 -1.6753
-2.51562 -0.436083 -5.86943 -1.67382
-2.50781 -0.438919 -5.89002 -1.67216
-2.5 -0.441802 -5.91072 -1.67032
-2.49219 -0.444734 -5.93156 -1.6683
-2.48438 -0.447715 -5.95252 -1.6661
-2.47656 -0.450744 -5.9736 -1.66372
-2.46875 -0.453823 -5.99482 -1.66116
-2.46094 -0.456952 -6.01617 -1.65841
-2.45312 -0.460131 -6.03766 -1.65548
-2.44531 -0.463361 -6.05928 -1.65237
-2.4375 -0.466641 -6.08104 -1.64907
-2.42969 -0.469973 -6.10294 -1.64559
-2.42188 -0.473356 -6.12498 -1.64192
-2.41406 -0.476791 -6.14716 -1.63806
-2.40625 -0.480279 -6.1695 -1.63402
-2.39844 -0.48382 -6.19198 -1.62979
-2.39062 -0.487414 -6.21461 -1.62536
-2.38281 -0.491062 -6.23739 -1.62075
-2.375 -0.494764 -6.26033 -1.61595
-2.36719 -0.498521 -6.28343 -1.61095
-2.35938 -0.502332 -6.30668 -1.60577
-2.35156 -0.5062 -6.3301 -1.60039
-2.34375 -0.510123 -6.35368 -1.59481
-2.33594 -0.514103 -6.37743 -1.58904
-2.32812 -0.518139 -6.40135 -1.58307
-2.32031 -0.522233 -6.42543 -1.57691
-2.3125 -0.526386 -6.4497 -1.57055
-2.30469 -0.530596 -6.47413 -1.56399
-2.29688 -0.534865 -6.49875 -1.55723
-2.28906 -0.539194 -6.52355 -1.55027
-2.28125 -0.543583 -6.54853 -1.5431
-2.27344 -0.548033 -6.5737 -1.53573
-2.26562 -0.552543 -6.59906 -1.52816
-2.25781 -0.557116 -6.62461 -1.52038
-2.25 -0.56175 -6.65036 -1.5124
-2.24219 -0.566447 -6.6763 -1.50421
-2.23438 -0.571208 -6.70245 -1.49581
-2.22656 -0.576032 -6.7288 -1.4872
-2.21875 -0.580922 -6.75535 -1.47838
-2.21094 -0.585876 -6.78212 -1.46934
-2.20312 -0.590896 -6.80909 -1.46009
-2.19531 -0.595983 -6.83629 -1.45063
-2.1875 -0.601137 -6.8637 -1.44095
-2.17969 -0.606359 -6.89134 -1.43105
-2.17188 -0.611649 -6.9192 -1.42093
-2.16406 -0.617008 -6.94729 -1.4106
-2.15625 -0.622438 -6.97561 -1.40004
-2.14844 -0.627938 -7.00417 -1.38925
-2.14062 -0.633509 -7.03297 -1.37824
-2.13281 -0.639152 -7.06201 -1.36701
-2.125 -0.644868 -7.0913 -1.35554
-2.11719 -0.650658 -7.12083 -1.34385
-2.10938 -0.656522 -7.15063 -1.33192
-2.10156 -0.662461 -7.18067 -1.31977
-2.09375 -0.668476 -7.21099 -1.30737
-2.08594 -0.674568 -7.24156 -1.29474
-2.07812 -0.680738 -7.27241 -1.28187
-2.07031 -0.686986 -7.30353 -1.26876
-2.0625 -0.693314 -7.33493 -1.25541
-2.05469 -0.699722 -7.3666 -1.24182
-2.04688 -0.706211 -7.39857 -1.22797
-2.03906 -0.712783 -7.43083 -1.21388
-2.03125 -0.719437 -7.46338 -1.19954
-2.02344 -0.726175 -7.49623 -1.18495
-2.01562 -0.732999 -7.52938 -1.1701
-2.00781 -0.739908 -7.56285 -1.155
-2 -0.746905 -7.59662 -1.13964
-1.99219 -0.75399 -7.63072 -1.12401
-1.98438 -0.761163 -7.66514 -1.10812
-1.97656 -0.768427 -7.69988 -1.09197
-1.96875 -0.775783 -7.73496 -1.07555
-1.96094 -0.783231 -7.77038 -1.05886
-1.95312 -0.790772 -7.80614 -1.04189
-1.94531 -0.798408 -7.84225 -1.02465
-1.9375 -0.806141 -7.87872 -1.00713
-1.92969 -0.81397 -7.91554 -0.989323
-1.92188 -0.821898 -7.95273 -0.971235
-1.91406 -0.829926 -7.99029 -0.95286
-1.90625 -0.838054 -8.02823 -0.934195
-1.89844 -0.846285 -8.06656 -0.915236
-1.89062 -0.85462 -8.10527 -0.895981
-1.88281 -0.86306 -8.14437 -0.876426
-1.875 -0.871606 -8.18388 -0.856568
-1.86719 -0.88026 -8.2238 -0.836404
-1.85938 -0.889024 -8.26413 -0.81593
-1.85156 -0.897899 -8.30488 -0.795143
-1.84375 -0.906886 -8.34606 -0.774039
-1.83594 -0.915986 -8.38768 -0.752614
-1.82812 -0.925203 -8.42974 -0.730866
-1.82031 -0.934537 -8.47224 -0.708789
-1.8125 -0.943989 -8.51521 -0.68638
-1.80469 -0.953563 -8.55863 -0.663635
-1.79688 -0.963258 -8.60253 -0.64055
-1.78906 -0.973078 -8.64691 -0.61712
-1.78125 -0.983023 -8.69177 -0.593341
-1.77344 -0.993097 -8.73713 -0.569208
-1.76562 -1.0033 -8.783 -0.544718
-1.75781 -1.01363 -8.82937 -0.519865
-1.75 -1.0241 -8.87626 -0.494644
-1.74219 -1.03471 -8.92369 -0.46905
-1.73438 -1.04545 -8.97165 -0.443079
-1.72656 -1.05633 -9.02015 -0.416725
-1.71875 -1.06735 -9.06922 -0.389982
-1.71094 -1.07852 -9.11885 -0.362846
-1.70312 -1.08983 -9.16905 -0.33531
-1.69531 -1.1013 -9.21983 -0.307369
-1.6875 -1.11291 -9.27122 -0.279017
-1.67969 -1.12468 -9.3232 -0.250247
-1.67188 -1.1366 -9.3758 -0.221054
-1.66406 -1.14869 -9.42903 -0.19143
-1.65625 -1.16093 -9.48289 -0.16137
-1.64844 -1.17334 -9.5374 -0.130866
-1.64062 -1.18591 -9.59257 -0.0999115
-1.63281 -1.19865 -9.64841 -0.0684993
-1.625 -1.21157 -9.70493 -0.0366218
-1.61719 -1.22466 -9.76214 -0.0042717
-1.60938 -1.23793 -9.82006 0.0285588
-1.60156 -1.25138 -9.87869 0.0618781
-1.59375 -1.26502 -9.93806 0.0956943
-1.58594 -1.27884 -9.99817 0.130016
-1.57812 -1.29285 -10.059 0.164851
-1.57031 -1.30706 -10.1207 0.200209
-1.5625 -1.32147 -10.1831 0.2361
-1.55469 -1.33608 -10.2463 0.272533
-1.54688 -1.35089 -10.3104 0.309516
-1.53906 -1.36591 -10.3752 0.347062
-1.53125 -1.38114 -10.4409 0.385179
-1.52344 -1.39659 -10.5075 0.423879
-1.51562 -1.41226 -10.5749 0.463172
-1.50781 -1.42816 -10.6433 0.50307
-1.5 -1.44429 -10.7125 0.543585
-1.49219 -1.46064 -10.7826 0.584728
-1.48438 -1.47724 -10.8537 0.626511
-1.47656 -1.49408 -10.9258 0.668948
-1.46875 -1.51116 -10.9988 0.712052
-1.46094 -1.5285 -11.0728 0.755835
-1.45312 -1.5461 -11.1479 0.800311
-1.44531 -1.56395 -11.224 0.845497
-1.4375 -1.58208 -11.3011 0.891405
-1.42969 -1.60047 -11.3793 0.938051
-1.42188 -1.61915 -11.4585 0.98545
-1.41406 -1.63811 -11.5389 1.03362
-1.40625 -1.65735 -11.6205 1.08258
-1.39844 -1.6769 -11.7032 1.13234
-1.39062 -1.69674 -11.787 1.18292
-1.38281 -1.7169 -11.8721 1.23434
-1.375 -1.73736 -11.9584 1.28662
-1.36719 -1.75815 -12.0459 1.33978
-1.35938 -1.77927 -12.1347 1.39384
-1.35156 -1.80072 -12.2248 1.44881
-1.34375 -1.82252 -12.3163 1.50473
-1.33594 -1.84466 -12.4091 1.56161
-1.32812 -1.86716 -12.5032 1.61948
-1.32031 -1.89003 -12.5988 1.67835
-1.3125 -1.91327 -12.6958 1.73826
-1.30469 -1.9369 -12.7943 1.79923
-1.29688 -1.96091 -12.8942 1.86129
-1.28906 -1.98533 -12.9957 1.92445
-1.28125 -2.01015 -13.0988 1.98877
-1.27344 -2.03539 -13.2034 2.05424
-1.26562 -2.06106 -13.3096 2.12092
-1.25781 -2.08716 -13.4175 2.18882
-1.25 -2.11372 -13.5271 2.258
-1.24219 -2.14073 -13.6384 2.32846
-1.23438 -2.16821 -13.7514 2.40025
-1.22656 -2.19617 -13.8663 2.47341
-1.21875 -2.22463 -13.9829 2.54798
-1.21094 -2.25358 -14.1015 2.62398
-1.20312 -2.28305 -14.2219 2.70145
-1.19531 -2.31305 -14.3443 2.78045
-1.1875 -2.3436 -14.4686 2.86103
-1.17969 -2.3747 -14.595 2.94319
-1.17188 -2.40636 -14.7235 3.027
-1.16406 -2.43861 -14.8541 3.11252
-1.15625 -2.47146 -14.9868 3.1998
-1.14844 -2.50493 -15.1218 3.28887
-1.14062 -2.53901 -15.259 3.37977
-1.13281 -2.57375 -15.3985 3.4726
-1.125 -2.60915 -15.5403 3.56739
-1.11719 -2.64523 -15.6846 3.6642
-1.10938 -2.682 -15.8313 3.76306
-1.10156 -2.71949 -15.9805 3.86409
-1.09375 -2.75772 -16.1323 3.96733
-1.08594 -2.7967 -16.2867 4.07285
-1.07812 -2.83646 -16.4437 4.18072
-1.07031 -2.87701 -16.6035 4.29101
-1.0625 -2.91838 -16.7661 4.40381
-1.05469 -2.96059 -16.9316 4.51919
-1.04688 -3.00367 -17.1 4.63723
-1.03906 -3.04763 -17.2713 4.75802
-1.03125 -3.09251 -17.4457 4.88166
-1.02344 -3.13832 -17.6233 5.00822
-1.01562 -3.1851 -17.804 5.13783
-1.00781 -3.23564 -17.9946 5.26922
-1 -3.2837 -18.1735 5.39534
-0.992188 -3.33152 -18.3543 5.53031
-0.984375 -3.38375 -18.5498 5.67828
-0.976562 -3.43516 -18.7374 5.82667
-0.96875 -3.48772 -18.9256 5.98035
-0.960938 -3.54164 -19.1149 6.13996
-0.953125 -3.59666 -19.3045 6.30471
-0.945312 -3.65312 -19.4956 6.4757
-0.9375 -3.71121 -19.6887 6.65354
-0.929688 -3.77063 -19.8827 6.83732
-0.921875 -3.83136 -20.0776 7.02704
-0.914062 -3.89355 -20.2738 7.22314
-0.90625 -3.95729 -20.4715 7.42598
-0.898438 -4.02258 -20.6708 7.63562
-0.890625 -4.08953 -20.8718 7.8524
-0.882812 -4.1582 -21.0747 8.07663
-0.875 -4.22836 -21.2791 8.30737
-0.867188 -4.30014 -21.485 8.54512
-0.859375 -4.37382 -21.6933 8.79108
-0.851562 -4.44961 -21.9043 9.04595
-0.84375 -4.52743 -22.1179 9.30947
-0.835938 -4.60715 -22.3337 9.58121
-0.828125 -4.68887 -22.552 9.8615
-0.820312 -4.77273 -22.773 10.151
-0.8125 -4.85882 -22.9968 10.45
-0.804688 -4.94712 -23.2235 10.7584
-0.796875 -5.03777 -23.4533 11.0769
-0.789062 -5.1309 -23.6863 11.4061
-0.78125 -5.22647 -23.9227 11.7456
-0.773438 -5.32464 -24.1625 12.0963
-0.765625 -5.42554 -24.4059 12.4588
-0.757812 -5.52914 -24.653 12.8328
-0.75 -5.6356 -24.9039 13.2191
-0.742188 -5.74508 -25.1589 13.6185
-0.734375 -5.8576 -25.4179 14.031
-0.726562 -5.97322 -25.6812 14.457
-0.71875 -6.09213 -25.9488 14.8972
-0.710938 -6.21448 -26.2209 15.3526
-0.703125 -6.34042 -26.4977 15.8236
-0.695312 -6.47 -26.7792 16.3107
-0.6875 -6.60333 -27.0654 16.8144
-0.679688 -6.74057 -27.3567 17.3354
-0.671875 -6.88189 -27.6529 17.8746
-0.664062 -7.02741 -27.9541 18.4327
-0.65625 -7.17727 -28.2606 19.0103
-0.648438 -7.33164 -28.5723 19.6083
-0.640625 -7.49071 -28.8893 20.2278
-0.632812 -7.65465 -29.2115 20.8698
-0.625 -7.82359 -29.5392 21.5347
-0.617188 -7.99775 -29.8721 22.224
-0.609375 -8.17736 -30.2102 22.939
-0.601562 -8.3626 -30.5538 23.6803
-0.59375 -8.55367 -30.9028 24.4494
-0.585938 -8.7508 -31.2565 25.2479
-0.578125 -8.95421 -31.6151 26.0768
-0.570312 -9.1641 -31.9788 26.9372
-0.5625 -9.38074 -32.3466 27.8312
-0.554688 -9.60439 -32.7184 28.7605
-0.546875 -9.8353 -33.0945 29.726
-0.539062 -10.0737 -33.4743 30.7297
-0.53125 -10.3199 -33.8566 31.774
-0.523438 -10.5742 -34.241 32.8608
-0.515625 -10.8368 -34.6269 33.9919
-0.507812 -11.0927 -35.0432 35.1709
-0.5 -11.3538 -35.4597 36.3836
-0.492188 -11.6322 -35.8348 37.6204
-0.484375 -11.9128 -36.1868 38.8902
-0.476562 -12.1966 -36.5151 40.1984
-0.46875 -12.4839 -36.8182 41.5475
-0.460938 -12.7747 -37.0946 42.9394
-0.453125 -13.0695 -37.3424 44.3779
-0.445312 -13.3686 -37.5604 45.8651
-0.4375 -13.6722 -37.7456 47.4057
-0.429688 -13.981 -37.895 49.0041
-0.421875 -14.2949 -38.0063 50.6628
-0.414062 -14.6143 -38.0763 52.3858
-0.40625 -14.9395 -38.1012 54.1773
-0.398438 -15.2705 -38.0765 56.0416
-0.390625 -15.6077 -37.998 57.9829
-0.382812 -15.9511 -37.86 60.0057
-0.375 -16.3007 -37.6572 62.1145
-0.367188 -16.6564 -37.3827 64.3138
-0.359375 -17.0182 -37.0284 66.6082
-0.351562 -17.3856 -36.5866 69.0022
-0.34375 -17.7583 -36.0482 71.5001
-0.335938 -18.1357 -35.4031 74.1059
-0.328125 -18.5169 -34.64 76.8235
-0.320312 -18.901 -33.7461 79.656
-0.3125 -19.2865 -32.7079 82.6065
-0.304688 -19.6718 -31.5102 85.6765
-0.296875 -20.055 -30.1364 88.8674
-0.289062 -20.4336 -28.5685 92.1785
-0.28125 -20.8046 -26.787 95.608
-0.273438 -21.1648 -24.771 99.1526
-0.265625 -21.51 -22.4968 102.806
-0.257812 -21.8518 -19.9195 106.701
-0.25 -22.1707 -17.1475 110.63
-0.242188 -22.4529 -14.2647 114.434
-0.234375 -22.7149 -11.201 118.292
-0.226562 -22.9501 -7.93062 122.185
-0.21875 -23.1514 -4.42819 126.091
-0.210938 -23.3102 -0.666279 129.984
-0.203125 -23.4173 3.38059 133.829
-0.195312 -23.4632 7.73449 137.591
-0.1875 -23.4372 12.416 141.223
-0.179688 -23.3284 17.4417 144.677
-0.171875 -23.1254 22.8221 147.897
-0.164062 -22.8167 28.5606 150.819
-0.15625 -22.3912 34.6523 153.378
-0.148438 -21.8384 41.0827 155.503
-0.140625 -21.1489 47.8258 157.123
-0.132812 -20.315 54.8425 158.164
-0.125 -19.3311 62.0809 158.557
-0.117188 -18.1943 69.4754 158.236
-0.109375 -16.9049 76.9474 157.145
-0.101562 -15.4666 84.4066 155.237
-0.09375 -13.887 91.7528 152.481
-0.0859375 -12.1775 98.8792 148.861
-0.078125 -10.3531 105.675 144.38
-0.0703125 -8.43228 112.031 139.061
-0.0625 -6.43607 117.841 132.944
-0.0546875 -4.38766 123.009 126.089
-0.046875 -2.31135 127.451 118.571
-0.0390625 -0.231746 131.097 110.476
-0.03125 1.82723 133.896 101.903
-0.0234375 3.84306 135.814 92.9523
-0.015625 5.79494 136.837 83.7318
-0.0078125 7.67156 137.839 74.8189
0 9.428 138.053 65.9439
0.0078125 11.0417 136.836 56.8181
0.015625 12.5311 135.214 47.9766
0.0234375 13.8919 133.232 39.4791
0.03125 15.1215 130.94 31.3763
0.0390625 16.2199 128.391 23.708
0.046875 17.1884 125.638 16.5055
0.0546875 18.0301 122.735 9.7916
0.0625 18.7489 119.732 3.58105
0.0703125 19.3498 116.68 -2.11807
0.078125 19.8383 113.623 -7.30307
0.0859375 20.2203 110.605 -11.9764
0.09375 20.5019 107.663 -16.1444
0.101562 20.6892 104.833 -19.8165
0.109375 20.7882 102.145 -23.0046
0.117188 20.805 99.627 -25.722
0.125 20.7451 97.3024 -27.9835
0.132812 20.6139 95.1921 -29.8045
0.140625 20.4165 93.3138 -31.2008
0.148438 20.1575 91.6823 -32.1883
0.15625 19.8414 90.3105 -32.7824
0.164062 19.4722 89.2088 -32.9985
0.171875 19.0535 88.3858 -32.8513
0.179688 18.5888 87.8486 -32.3549
0.1875 18.0812 87.6026 -31.5228
0.195312 17.5333 87.652 -30.3677
0.203125 16.9478 88.0002 -28.9015
0.210938 16.3268 88.6493 -27.1357
0.21875 15.6725 89.6009 -25.0806
0.226562 14.9867 90.8558 -22.7462
0.234375 14.271 92.4142 -20.1415
0.242188 13.5268 94.2759 -17.2754
0.25 13.5268 94.2759 -17.2754
