-5 10.3128 374.081 206.069 8.13978 6.45756 -41.1285
-4.875 11.3259 374.734 200.846 8.06829 3.9842 -42.4408
-4.75 12.3295 375.076 195.46 7.98907 1.47314 -43.7365
-4.625 13.3228 375.101 189.912 7.90177 -1.07952 -45.0166
-4.5 14.3046 374.804 184.206 7.80603 -3.67798 -46.2819
-4.375 15.2739 374.179 178.342 7.70141 -6.32676 -47.533
-4.25 16.2296 373.22 172.323 7.58742 -9.03073 -48.7708
-4.125 17.1704 371.919 166.15 7.46349 -11.7952 -49.9957
-4 18.095 370.268 159.825 7.32897 -14.6259 -51.2081
-3.875 19.0021 368.259 153.349 7.18311 -17.5293 -52.4083
-3.75 19.8903 365.883 146.723 7.02506 -20.5123 -53.5964
-3.625 20.7579 363.128 139.95 6.85384 -23.5826 -54.7726
-3.5 21.6032 359.983 133.031 6.66832 -26.7488 -55.9364
-3.375 22.4243 356.436 125.967 6.46723 -30.0204 -57.0875
-3.25 23.2192 352.473 118.759 6.24906 -33.4084 -58.2252
-3.125 23.9858 348.079 111.411 6.01208 -36.9246 -59.3483
-3 24.7214 343.236 103.923 5.75427 -40.583 -60.4554
-2.99219 24.7663 342.918 103.451 5.73742 -40.8171 -60.5239
-2.98438 24.811 342.598 102.978 5.72054 -41.0519 -60.5924
-2.97656 24.8556 342.277 102.504 5.70366 -41.2871 -60.6609
-2.96875 24.9001 341.953 102.03 5.68681 -41.5225 -60.7295
-2.96094 24.9445 341.628 101.555 5.66992 -41.7585 -60.7981
-2.95312 24.9887 341.301 101.08 5.65295 -41.9956 -60.8666
-2.94531 25.0328 340.972 100.604 5.63589 -42.2336 -60.9351
-2.9375 25.0768 340.641 100.128 5.61879 -42.4723 -61.0036
-2.92969 25.1206 340.308 99.6509 5.60163 -42.7118 -61.072
-2.92188 25.1643 339.973 99.1735 5.58443 -42.9519 -61.1404
-2.91406 25.2079 339.637 98.6956 5.56717 -43.1928 -61.2089
-2.90625 25.2513 339.298 98.2171 5.54986 -43.4344 -61.2772
-2.89844 25.2946 338.958 97.7381 5.5325 -43.6767 -61.3456
-2.89062 25.3377 338.616 97.2586 5.51508 -43.9198 -61.4139
-2.88281 25.3808 338.272 96.7785 5.49761 -44.1636 -61.4822
-2.875 25.4236 337.926 96.2979 5.48008 -44.4081 -61.5505
-2.86719 25.4664 337.578 95.8168 5.46249 -44.6533 -61.6187
-2.85938 25.509 337.228 95.3351 5.44484 -44.8993 -61.6869
-2.85156 25.5515 336.876 94.8529 5.42713 -45.146 -61.7551
-2.84375 25.5938 336.523 94.3702 5.40936 -45.3935 -61.8232
-2.83594 25.636 336.167 93.887 5.39152 -45.6418 -61.8913
-2.82812 25.678 335.81 93.4032 5.37361 -45.8908 -61.9593
-2.82031 25.7199 335.45 92.9188 5.35564 -46.1406 -62.0273
-2.8125 25.7617 335.089 92.434 5.33759 -46.3911 -62.0952
-2.80469 25.8033 334.725 91.9486 5.31947 -46.6425 -62.1631
-2.79688 25.8448 334.36 91.4627 5.30128 -46.8946 -62.2309
-2.78906 25.8862 333.993 90.9762 5.28302 -47.1475 -62.2987
-2.78125 25.9274 333.623 90.4893 5.26468 -47.4011 -62.3664
-2.77344 25.9684 333.252 90.0018 5.24627 -47.6556 -62.4341
-2.76562 26.0094 332.879 89.5137 5.22777 -47.9109 -62.5017
-2.75781 26.0501 332.503 89.0252 5.2092 -48.167 -62.5692
-2.75 26.0907 332.126 88.5361 5.19055 -48.4238 -62.6367
-2.74219 26.1312 331.747 88.0465 5.17181 -48.6815 -62.7041
-2.73438 26.1716 331.365 87.5563 5.15299 -48.94 -62.7714
-2.72656 26.2117 330.982 87.0657 5.13408 -49.1993 -62.8386
-2.71875 26.2518 330.597 86.5745 5.11508 -49.4594 -62.9058
-2.71094 26.2917 330.209 86.0828 5.096 -49.7204 -62.9729
-2.70312 26.3314 329.82 85.5905 5.07683 -49.9822 -63.0399
-2.69531 26.371 329.428 85.0978 5.05756 -50.2448 -63.1069
-2.6875 26.4104 329.035 84.6045 5.0382 -50.5082 -63.1737
-2.67969 26.4497 328.639 84.1107 5.01875 -50.7725 -63.2405
-2.67188 26.4888 328.241 83.6164 4.9992 -51.0377 -63.3071
-2.66406 26.5278 327.841 83.1215 4.97955 -51.3037 -63.3737
-2.65625 26.5666 327.44 82.6261 4.9598 -51.5705 -63.4402
-2.64844 26.6053 327.036 82.1303 4.93995 -51.8383 -63.5066
-2.64062 26.6438 326.63 81.6339 4.91999 -52.1069 -63.5729
-2.63281 26.6822 326.222 81.1369 4.89993 -52.3763 -63.639
-2.625 26.7204 325.811 80.6395 4.87977 -52.6467 -63.7051
-2.61719 26.7584 325.399 80.1415 4.85949 -52.9179 -63.7711
-2.60938 26.7963 324.984 79.6431 4.83911 -53.1901 -63.8369
-2.60156 26.834 324.568 79.1441 4.81861 -53.4631 -63.9027
-2.59375 26.8716 324.149 78.6446 4.798 -53.737 -63.9683
-2.58594 26.909 323.728 78.1446 4.77728 -54.0118 -64.0338
-2.57812 26.9463 323.305 77.6441 4.75643 -54.2876 -64.0992
-2.57031 26.9833 322.88 77.143 4.73547 -54.5642 -64.1645
-2.5625 27.0202 322.453 76.6415 4.71439 -54.8418 -64.2296
-2.55469 27.057 322.023 76.1395 4.69319 -55.1203 -64.2946
-2.54688 27.0936 321.591 75.6369 4.67186 -55.3998 -64.3595
-2.53906 27.13 321.157 75.1338 4.65041 -55.6802 -64.4242
-2.53125 27.1662 320.721 74.6303 4.62883 -55.9615 -64.4888
-2.52344 27.2023 320.283 74.1262 4.60712 -56.2438 -64.5533
-2.51562 27.2382 319.842 73.6216 4.58528 -56.527 -64.6176
-2.50781 27.274 319.4 73.1165 4.5633 -56.8113 -64.6818
-2.5 27.3095 318.955 72.611 4.54119 -57.0964 -64.7458
-2.49219 27.3449 318.508 72.1049 4.51895 -57.3826 -64.8096
-2.48438 27.3801 318.058 71.5983 4.49656 -57.6698 -64.8734
-2.47656 27.4152 317.607 71.0913 4.47403 -57.9579 -64.9369
-2.46875 27.45 317.153 70.5837 4.45136 -58.247 -65.0003
-2.46094 27.4847 316.696 70.0756 4.42855 -58.5372 -65.0635
-2.45312 27.5192 316.238 69.5671 4.40559 -58.8283 -65.1266
-2.44531 27.5536 315.777 69.058 4.38248 -59.1205 -65.1895
-2.4375 27.5877 315.314 68.5485 4.35922 -59.4137 -65.2522
-2.42969 27.6217 314.849 68.0385 4.33581 -59.7079 -65.3147
-2.42188 27.6555 314.381 67.5279 4.31224 -60.0032 -65.3771
-2.41406 27.6891 313.911 67.0169 4.28851 -60.2995 -65.4393
-2.40625 27.7225 313.439 66.5055 4.26463 -60.5969 -65.5013
-2.39844 27.7557 312.964 65.9935 4.24058 -60.8953 -65.563
-2.39062 27.7887 312.488 65.481 4.21638 -61.1948 -65.6247
-2.38281 27.8216 312.008 64.9681 4.192 -61.4954 -65.6861
-2.375 27.8542 311.527 64.4547 4.16746 -61.7971 -65.7473
-2.36719 27.8867 311.043 63.9408 4.14275 -62.0998 -65.8083
-2.35938 27.919 310.556 63.4264 4.11787 -62.4037 -65.869
-2.35156 27.951 310.068 62.9116 4.09281 -62.7086 -65.9296
-2.34375 27.9829 309.577 62.3963 4.06758 -63.0147 -65.99
-2.33594 28.0146 309.083 61.8805 4.04217 -63.3219 -66.0501
-2.32812 28.0461 308.587 61.3643 4.01657 -63.6303 -66.1101
-2.32031 28.0773 308.089 60.8475 3.9908 -63.9397 -66.1698
-2.3125 28.1084 307.588 60.3304 3.96484 -64.2503 -66.2292
-2.30469 28.1393 307.085 59.8127 3.93869 -64.5621 -66.2885
-2.29688 28.17 306.579 59.2946 3.91235 -64.8751 -66.3475
-2.28906 28.2004 306.071 58.776 3.88582 -65.1892 -66.4062
-2.28125 28.2307 305.561 58.257 3.85909 -65.5045 -66.4647
-2.27344 28.2607 305.048 57.7375 3.83216 -65.821 -66.523
-2.26562 28.2906 304.532 57.2176 3.80504 -66.1387 -66.581
-2.25781 28.3202 304.014 56.6972 3.77771 -66.4576 -66.6387
-2.25 28.3496 303.494 56.1763 3.75018 -66.7777 -66.6962
-2.24219 28.3788 302.971 55.6551 3.72244 -67.0991 -66.7534
-2.23438 28.4077 302.445 55.1333 3.69449 -67.4217 -66.8104
-2.22656 28.4365 301.917 54.6111 3.66633 -67.7455 -66.8671
-2.21875 28.465 301.387 54.0885 3.63795 -68.0706 -66.9235
-2.21094 28.4933 300.854 53.5655 3.60936 -68.397 -66.9796
-2.20312 28.5214 300.318 53.042 3.58054 -68.7246 -67.0354
-2.19531 28.5493 299.78 52.518 3.5515 -69.0536 -67.0909
-2.1875 28.5769 299.239 51.9937 3.52224 -69.3838 -67.1461
-2.17969 28.6043 298.696 51.4689 3.49275 -69.7153 -67.2011
-2.17188 28.6315 298.15 50.9437 3.46302 -70.0482 -67.2557
-2.16406 28.6584 297.601 50.418 3.43306 -70.3824 -67.31
-2.15625 28.6851 297.05 49.8919 3.40287 -70.718 -67.364
-2.14844 28.7116 296.496 49.3655 3.37243 -71.0549 -67.4177
-2.14062 28.7378 295.94 48.8385 3.34175 -71.3931 -67.471
-2.13281 28.7638 295.381 48.3112 3.31082 -71.7327 -67.5241
-2.125 28.7895 294.819 47.7835 3.27965 -72.0738 -67.5767
-2.11719 28.815 294.255 47.2553 3.24823 -72.4162 -67.6291
-2.10938 28.8403 293.688 46.7268 3.21654 -72.76 -67.6811
-2.10156 28.8653 293.118 46.1978 3.18461 -73.1053 -67.7327
-2.09375 28.8901 292.545 45.6685 3.15241 -73.452 -67.784
-2.08594 28.9146 291.97 45.1387 3.11994 -73.8001 -67.8349
-2.07812 28.9388 291.392 44.6085 3.08721 -74.1497 -67.8855
-2.07031 28.9628 290.812 44.078 3.05421 -74.5008 -67.9357
-2.0625 28.9865 290.228 43.547 3.02093 -74.8533 -67.9855
-2.05469 29.01 289.642 43.0157 2.98738 -75.2074 -68.0349
-2.04688 29.0332 289.053 42.484 2.95355 -75.5629 -68.0839
-2.03906 29.0561 288.461 41.9519 2.91943 -75.92 -68.1325
-2.03125 29.0788 287.867 41.4194 2.88503 -76.2786 -68.1808
-2.02344 29.1012 287.269 40.8866 2.85033 -76.6388 -68.2286
-2.01562 29.1234 286.669 40.3534 2.81534 -77.0006 -68.276
-2.00781 29.1452 286.066 39.8198 2.78006 -77.3639 -68.3229
-2 29.1668 285.46 39.2858 2.74447 -77.7288 -68.3695
-1.99219 29.1881 284.852 38.7515 2.70857 -78.0953 -68.4156
-1.98438 29.2091 284.24 38.2168 2.67237 -78.4635 -68.4613
-1.97656 29.2298 283.626 37.6818 2.63586 -78.8332 -68.5065
-1.96875 29.2503 283.008 37.1464 2.59903 -79.2047 -68.5513
-1.96094 29.2705 282.388 36.6107 2.56188 -79.5778 -68.5956
-1.95312 29.2903 281.765 36.0746 2.52441 -79.9525 -68.6394
-1.94531 29.3099 281.139 35.5382 2.4866 -80.329 -68.6828
-1.9375 29.3292 280.51 35.0014 2.44847 -80.7072 -68.7256
-1.92969 29.3482 279.878 34.4644 2.41 -81.0871 -68.768
-1.92188 29.3668 279.243 33.9269 2.37119 -81.4688 -68.8099
-1.91406 29.3852 278.605 33.3892 2.33204 -81.8523 -68.8513
-1.90625 29.4033 277.964 32.8511 2.29254 -82.2375 -68.8921
-1.89844 29.421 277.32 32.3128 2.25269 -82.6245 -68.9325
-1.89062 29.4385 276.673 31.7741 2.21248 -83.0133 -68.9723
-1.88281 29.4556 276.023 31.2351 2.17191 -83.404 -69.0116
-1.875 29.4724 275.37 30.6958 2.13098 -83.7965 -69.0503
-1.86719 29.4889 274.714 30.1562 2.08968 -84.1909 -69.0885
-1.85938 29.5051 274.054 29.6163 2.048 -84.5871 -69.1261
-1.85156 29.5209 273.392 29.0761 2.00594 -84.9853 -69.1631
-1.84375 29.5364 272.726 28.5356 1.9635 -85.3854 -69.1995
-1.83594 29.5516 272.058 27.9948 1.92067 -85.7874 -69.2354
-1.82812 29.5664 271.386 27.4538 1.87745 -86.1914 -69.2707
-1.82031 29.5809 270.711 26.9125 1.83383 -86.5974 -69.3053
-1.8125 29.5951 270.033 26.3709 1.78981 -87.0054 -69.3394
-1.80469 29.6089 269.351 25.8291 1.74538 -87.4154 -69.3728
-1.79688 29.6223 268.667 25.287 1.70054 -87.8274 -69.4055
-1.78906 29.6354 267.979 24.7446 1.65528 -88.2415 -69.4377
-1.78125 29.6482 267.288 24.202 1.6096 -88.6577 -69.4691
-1.77344 29.6606 266.594 23.6592 1.56348 -89.076 -69.4999
-1.76562 29.6726 265.896 23.1161 1.51694 -89.4964 -69.5301
-1.75781 29.6843 265.195 22.5727 1.46996 -89.919 -69.5595
-1.75 29.6956 264.491 22.0292 1.42253 -90.3438 -69.5882
-1.74219 29.7065 263.784 21.4854 1.37465 -90.7707 -69.6162
-1.73438 29.7171 263.073 20.9414 1.32631 -91.1999 -69.6435
-1.72656 29.7272 262.359 20.3973 1.27752 -91.6313 -69.6701
-1.71875 29.737 261.641 19.8529 1.22825 -92.0649 -69.6959
-1.71094 29.7464 260.92 19.3083 1.17851 -92.5009 -69.7209
-1.70312 29.7554 260.196 18.7635 1.1283 -92.9391 -69.7452
-1.69531 29.764 259.468 18.2185 1.07759 -93.3798 -69.7687
-1.6875 29.7723 258.737 17.6733 1.0264 -93.8227 -69.7914
-1.67969 29.7801 258.002 17.128 0.974705 -94.2681 -69.8133
-1.67188 29.7875 257.264 16.5825 0.922507 -94.7159 -69.8344
-1.66406 29.7945 256.522 16.0368 0.869797 -95.1661 -69.8546
-1.65625 29.8011 255.777 15.491 0.816569 -95.6188 -69.874
-1.64844 29.8072 255.028 14.9451 0.762817 -96.074 -69.8925
-1.64062 29.813 254.276 14.399 0.708533 -96.5317 -69.9101
-1.63281 29.8183 253.52 13.8527 0.65371 -96.9919 -69.9269
-1.625 29.8232 252.76 13.3064 0.598342 -97.4548 -69.9427
-1.61719 29.8277 251.997 12.7599 0.542421 -97.9203 -69.9576
-1.60938 29.8317 251.23 12.2133 0.485939 -98.3884 -69.9716
-1.60156 29.8353 250.46 11.6666 0.42889 -98.8591 -69.9846
-1.59375 29.8384 249.686 11.1198 0.371265 -99.3326 -69.9966
-1.58594 29.8411 248.908 10.5729 0.313057 -99.8088 -70.0077
-1.57812 29.8433 248.126 10.0259 0.254258 -100.288 -70.0177
-1.57031 29.845 247.341 9.47886 0.194861 -100.77 -70.0268
-1.5625 29.8463 246.552 8.93175 0.134856 -101.254 -70.0347
-1.55469 29.8471 245.759 8.38457 0.0742358 -101.742 -70.0417
-1.54688 29.8475 244.962 7.83735 0.012992 -102.232 -70.0475
-1.53906 29.8473 244.161 7.29008 -0.0488841 -102.725 -70.0523
-1.53125 29.8467 243.357 6.74279 -0.111401 -103.221 -70.0559
-1.52344 29.8456 242.548 6.19546 -0.174568 -103.721 -70.0584
-1.51562 29.844 241.736 5.64813 -0.238394 -104.223 -70.0598
-1.50781 29.8419 240.92 5.10078 -0.302888 -104.728 -70.06
-1.5 29.8392 240.1 4.55345 -0.36806 -105.237 -70.0589
-1.49219 29.8361 239.276 4.00612 -0.433919 -105.748 -70.0567
-1.48438 29.8325 238.447 3.45881 -0.500474 -106.263 -70.0532
-1.47656 29.8283 237.615 2.91154 -0.567736 -106.781 -70.0485
-1.46875 29.8236 236.779 2.36431 -0.635715 -107.302 -70.0425
-1.46094 29.8183 235.939 1.81713 -0.704421 -107.827 -70.0351
-1.45312 29.8126 235.094 1.27002 -0.773865 -108.355 -70.0265
-1.44531 29.8063 234.245 0.722975 -0.844056 -108.886 -70.0164
-1.4375 29.7994 233.393 0.176017 -0.915007 -109.421 -70.005
-1.42969 29.792 232.536 -0.370848 -0.986727 -109.959 -69.9922
-1.42188 29.784 231.675 -0.917606 -1.05923 -110.501 -69.978
-1.41406 29.7754 230.809 -1.46425 -1.13252 -111.046 -69.9623
-1.40625 29.7663 229.939 -2.01076 -1.20662 -111.595 -69.9451
-1.39844 29.7565 229.065 -2.55713 -1.28154 -112.147 -69.9263
-1.39062 29.7462 228.187 -3.10335 -1.35729 -112.704 -69.9061
-1.38281 29.7353 227.304 -3.64941 -1.43387 -113.264 -69.8842
-1.375 29.7238 226.417 -4.19529 -1.51131 -113.827 -69.8608
-1.36719 29.7117 225.526 -4.74098 -1.58962 -114.395 -69.8357
-1.35938 29.699 224.63 -5.28647 -1.66881 -114.967 -69.8089
-1.35156 29.6856 223.73 -5.83174 -1.74889 -115.542 -69.7805
-1.34375 29.6717 222.825 -6.37678 -1.82988 -116.122 -69.7503
-1.33594 29.657 221.915 -6.92158 -1.91179 -116.705 -69.7183
-1.32812 29.6418 221.001 -7.46612 -1.99464 -117.293 -69.6845
-1.32031 29.6259 220.082 -8.01039 -2.07844 -117.884 -69.6489
-1.3125 29.6093 219.159 -8.55438 -2.1632 -118.48 -69.6114
-1.30469 29.5921 218.231 -9.09806 -2.24895 -119.081 -69.572
-1.29688 29.5742 217.298 -9.64143 -2.33569 -119.685 -69.5306
-1.28906 29.5556 216.361 -10.1845 -2.42344 -120.294 -69.4872
-1.28125 29.5363 215.419 -10.7272 -2.51222 -120.908 -69.4418
-1.27344 29.5163 214.472 -11.2695 -2.60205 -121.526 -69.3943
-1.26562 29.4956 213.52 -11.8114 -2.69294 -122.148 -69.3447
-1.25781 29.4742 212.563 -12.353 -2.78492 -122.775 -69.2929
-1.25 29.4521 211.602 -12.8941 -2.87799 -123.407 -69.2389
-1.24219 29.4293 210.635 -13.4348 -2.97217 -124.044 -69.1826
-1.23438 29.4057 209.663 -13.9751 -3.06749 -124.686 -69.124
-1.22656 29.3813 208.687 -14.5149 -3.16397 -125.332 -69.0631
-1.21875 29.3562 207.705 -15.0542 -3.26162 -125.983 -68.9997
-1.21094 29.3304 206.718 -15.593 -3.36046 -126.64 -68.9339
-1.20312 29.3037 205.726 -16.1313 -3.46052 -127.301 -68.8656
-1.19531 29.2763 204.729 -16.669 -3.56181 -127.968 -68.7947
-1.1875 29.2481 203.727 -17.2062 -3.66435 -128.64 -68.7211
-1.17969 29.219 202.719 -17.7428 -3.76818 -129.318 -68.6449
-1.17188 29.1892 201.706 -18.2788 -3.8733 -130 -68.5659
-1.16406 29.1585 200.688 -18.8141 -3.97975 -130.689 -68.4841
-1.15625 29.127 199.664 -19.3488 -4.08755 -131.383 -68.3994
-1.14844 29.0946 198.635 -19.8828 -4.19672 -132.082 -68.3118
-1.14062 29.0614 197.6 -20.4162 -4.30728 -132.788 -68.2211
-1.13281 29.0273 196.56 -20.9488 -4.41926 -133.499 -68.1274
-1.125 28.9923 195.514 -21.4806 -4.53269 -134.216 -68.0305
-1.11719 28.9565 194.463 -22.0117 -4.6476 -134.939 -67.9304
-1.10938 28.9197 193.406 -22.542 -4.764 -135.668 -67.827
-1.10156 28.882 192.343 -23.0715 -4.88193 -136.404 -67.7203
-1.09375 28.8434 191.275 -23.6002 -5.00142 -137.146 -67.61
-1.08594 28.8039 190.2 -24.1279 -5.1225 -137.894 -67.4962
-1.07812 28.7634 189.12 -24.6548 -5.24519 -138.649 -67.3788
-1.07031 28.7219 188.034 -25.1807 -5.36953 -139.41 -67.2576
-1.0625 28.6795 186.942 -25.7057 -5.49555 -140.178 -67.1327
-1.05469 28.636 185.843 -26.2296 -5.62328 -140.953 -67.0038
-1.04688 28.5916 184.739 -26.7526 -5.75276 -141.735 -66.8709
-1.03906 28.5462 183.629 -27.2745 -5.88401 -142.523 -66.7339
-1.03125 28.4997 182.512 -27.7953 -6.01708 -143.319 -66.5927
-1.02344 28.4521 181.389 -28.315 -6.152 -144.123 -66.4472
-1.01562 28.4035 180.26 -28.8335 -6.28881 -144.933 -66.2973
-1.00781 28.3539 179.125 -29.3508 -6.42754 -145.751 -66.1428
-1 28.3031 177.983 -29.867 -6.56836 -146.577 -65.9837
-0.992188 28.2512 176.835 -30.3818 -6.71115 -147.411 -65.8202
-0.984375 28.1982 175.68 -30.8954 -6.8559 -148.251 -65.6521
-0.976562 28.1441 174.518 -31.4076 -7.00278 -149.101 -65.4788
-0.96875 28.0888 173.35 -31.9185 -7.15176 -149.958 -65.3003
-0.960938 28.0323 172.175 -32.4279 -7.30287 -150.823 -65.1165
-0.953125 27.9747 170.993 -32.9359 -7.45617 -151.696 -64.9272
-0.945312 27.9158 169.805 -33.4424 -7.61169 -152.578 -64.7322
-0.9375 27.8557 168.609 -33.9473 -7.76949 -153.468 -64.5314
-0.929688 27.7944 167.407 -34.4507 -7.92963 -154.366 -64.3244
-0.921875 27.7318 166.197 -34.9524 -8.09216 -155.273 -64.1112
-0.914062 27.668 164.981 -35.4524 -8.25713 -156.189 -63.8914
-0.90625 27.6028 163.757 -35.9506 -8.42458 -157.114 -63.665
-0.898438 27.5363 162.526 -36.4471 -8.59457 -158.048 -63.4316
-0.890625 27.4685 161.287 -36.9417 -8.76717 -158.99 -63.191
-0.882812 27.3993 160.041 -37.4344 -8.94243 -159.943 -62.9431
-0.875 27.3288 158.788 -37.9252 -9.12042 -160.904 -62.6876
-0.867188 27.2568 157.527 -38.4139 -9.30119 -161.875 -62.4242
-0.859375 27.1834 156.259 -38.9005 -9.4848 -162.856 -62.1527
-0.851562 27.1086 154.983 -39.385 -9.67131 -163.846 -61.8728
-0.84375 27.0323 153.699 -39.8673 -9.86082 -164.847 -61.5843
-0.835938 26.9545 152.407 -40.3472 -10.0534 -165.857 -61.2868
-0.828125 26.8752 151.107 -40.8248 -10.2491 -166.878 -60.9801
-0.820312 26.7944 149.799 -41.3 -10.448 -167.909 -60.6638
-0.8125 26.7119 148.483 -41.7727 -10.6502 -168.951 -60.3377
-0.804688 26.6279 147.159 -42.2427 -10.8557 -170.004 -60.0015
-0.796875 26.5423 145.827 -42.7101 -11.0647 -171.067 -59.6547
-0.789062 26.455 144.486 -43.1748 -11.2773 -172.142 -59.2972
-0.78125 26.3661 143.137 -43.6366 -11.4934 -173.228 -58.9284
-0.773438 26.2754 141.78 -44.0955 -11.7133 -174.325 -58.548
-0.765625 26.1831 140.413 -44.5514 -11.937 -175.434 -58.1557
-0.757812 26.0889 139.038 -45.0041 -12.1646 -176.555 -57.7511
-0.75 25.993 137.655 -45.4537 -12.3962 -177.688 -57.3337
-0.742188 25.8952 136.262 -45.8999 -12.6319 -178.834 -56.9031
-0.734375 25.7956 134.86 -46.3428 -12.8718 -179.991 -56.4589
-0.726562 25.6941 133.45 -46.7821 -13.1161 -181.162 -56.0006
-0.71875 25.5906 132.03 -47.2177 -13.3648 -182.345 -55.5278
-0.710938 25.4852 130.6 -47.6496 -13.6181 -183.542 -55.0398
-0.703125 25.3778 129.162 -48.0776 -13.8761 -184.751 -54.5363
-0.695312 25.2684 127.714 -48.5017 -14.139 -185.975 -54.0166
-0.6875 25.1569 126.256 -48.9216 -14.4068 -187.212 -53.4802
-0.679688 25.0433 124.788 -49.3372 -14.6797 -188.463 -52.9265
-0.671875 24.9275 123.311 -49.7485 -14.9578 -189.728 -52.3549
-0.664062 24.8095 121.824 -50.1552 -15.2413 -191.008 -51.7648
-0.65625 24.6893 120.327 -50.5572 -15.5304 -192.302 -51.1554
-0.648438 24.5668 118.819 -50.9544 -15.8252 -193.612 -50.5261
-0.640625 24.442 117.301 -51.3466 -16.1259 -194.936 -49.8761
-0.632812 24.3148 115.773 -51.7337 -16.4326 -196.276 -49.2048
-0.625 24.1852 114.234 -52.1154 -16.7455 -197.632 -48.5113
-0.617188 24.0532 112.685 -52.4916 -17.0648 -199.003 -47.7947
-0.609375 23.9186 111.125 -52.8621 -17.3907 -200.391 -47.0542
-0.601562 23.7814 109.554 -53.2267 -17.7235 -201.795 -46.289
-0.59375 23.6416 107.972 -53.5852 -18.0632 -203.215 -45.498
-0.585938 23.4991 106.379 -53.9375 -18.4101 -204.652 -44.6802
-0.578125 23.3539 104.774 -54.2833 -18.7645 -206.106 -43.8346
-0.570312 23.2059 103.158 -54.6223 -19.1265 -207.578 -42.9602
-0.5625 23.0551 101.531 -54.9544 -19.4964 -209.067 -42.0557
-0.554688 22.9013 99.8914 -55.2793 -19.8744 -210.573 -41.1201
-0.546875 22.7445 98.2403 -55.5968 -20.2609 -212.097 -40.1519
-0.539062 22.5847 96.5773 -55.9065 -20.656 -213.639 -39.1499
-0.53125 22.4217 94.9021 -56.2083 -21.06 -215.199 -38.1128
-0.523438 22.2556 93.2147 -56.5019 -21.4732 -216.777 -37.0391
-0.515625 22.0861 91.5149 -56.7869 -21.8959 -218.373 -35.9272
-0.507812 21.9134 89.8026 -57.0631 -22.3283 -219.987 -34.7756
-0.5 21.7372 88.0776 -57.3301 -22.7703 -221.621 -33.5825
-0.492188 21.5576 86.3397 -57.5877 -23.2218 -223.274 -32.3468
-0.484375 21.3743 84.5888 -57.8354 -23.6838 -224.945 -31.0671
-0.476562 21.1875 82.8249 -58.0729 -24.1565 -226.634 -29.7419
-0.46875 20.9969 81.0476 -58.2999 -24.64 -228.34 -28.3695
-0.460938 20.8024 79.257 -58.516 -25.1346 -230.062 -26.9478
-0.453125 20.6041 77.4528 -58.7208 -25.6406 -231.8 -25.4749
-0.445312 20.4017 75.6351 -58.9138 -26.1582 -233.553 -23.9488
-0.4375 20.1953 73.8035 -59.0948 -26.6876 -235.32 -22.3672
-0.429688 19.9847 71.9581 -59.2631 -27.2293 -237.1 -20.7278
-0.421875 19.7698 70.0988 -59.4184 -27.7833 -238.893 -19.0282
-0.414062 19.5505 68.2254 -59.5602 -28.35 -240.696 -17.2657
-0.40625 19.3268 66.3379 -59.6879 -28.9298 -242.51 -15.4376
-0.398438 19.0985 64.4361 -59.8011 -29.5228 -244.331 -13.5411
-0.390625 18.8654 62.5202 -59.8992 -30.1295 -246.16 -11.5731
-0.382812 18.6276 60.5899 -59.9817 -30.75 -247.993 -9.53045
-0.375 18.3849 58.6453 -60.0478 -31.3847 -249.829 -7.40992
-0.367188 18.1372 56.6863 -60.0971 -32.0338 -251.665 -5.20801
-0.359375 17.8843 54.713 -60.1289 -32.6977 -253.5 -2.92112
-0.351562 17.6262 52.7254 -60.1424 -33.3766 -255.33 -0.545508
-0.34375 17.3628 50.7235 -60.137 -34.0707 -257.152 1.92272
-0.335938 17.0938 48.7074 -60.112 -34.7802 -258.963 4.48759
-0.328125 16.8193 46.6773 -60.0665 -35.5053 -260.759 7.15323
-0.320312 16.539 44.6331 -59.9998 -36.2462 -262.535 9.92388
-0.3125 16.2529 42.5752 -59.911 -37.0028 -264.287 12.8039
-0.304688 15.9608 40.5038 -59.7993 -37.7753 -266.009 15.7976
-0.296875 15.6626 38.419 -59.6637 -38.5636 -267.697 18.9095
-0.289062 15.3581 36.3212 -59.5034 -39.3675 -269.343 22.1439
-0.28125 15.0474 34.2107 -59.3172 -40.1868 -270.94 25.5053
-0.273438 14.7302 32.088 -59.1043 -41.0211 -272.481 28.9978
-0.265625 14.4064 29.9534 -58.8636 -41.87 -273.957 32.6255
-0.257812 14.0759 27.8077 -58.594 -42.7328 -275.359 36.3923
-0.25 13.7386 25.6513 -58.2944 -43.6091 -276.677 40.3065
-0.242188 13.3944 23.485 -57.9636 -44.498 -277.902 44.3694
-0.234375 13.0433 21.3094 -57.6006 -45.3982 -279.029 48.5768
-0.226562 12.6851 19.1256 -57.2041 -46.3087 -280.048 52.9309
-0.21875 12.3197 16.9341 -56.773 -47.2282 -280.95 57.4332
-0.210938 11.9471 14.7362 -56.3061 -48.1555 -281.724 62.0847
-0.203125 11.5672 12.5328 -55.8023 -49.0888 -282.356 66.8853
-0.195312 11.1801 10.325 -55.2604 -50.0262 -282.836 71.8339
-0.1875 10.7856 8.11411 -54.6793 -50.9653 -283.149 76.9281
-0.179688 10.3837 5.90148 -54.0579 -51.9038 -283.283 82.1643
-0.171875 9.97457 3.68857 -53.395 -52.8386 -283.221 87.5372
-0.164062 9.55815 1.47696 -52.6896 -53.7666 -282.951 93.0398
-0.15625 9.13451 -0.731661 -51.9408 -54.6841 -282.457 98.6631
-0.148438 8.70377 -2.93549 -51.1476 -55.5873 -281.724 104.396
-0.140625 8.26603 -5.13262 -50.3092 -56.472 -280.739 110.226
-0.132812 7.82148 -7.321 -49.425 -57.3338 -279.488 116.136
-0.125 7.3703 -9.49852 -48.4943 -58.1679 -277.957 122.11
-0.117188 6.91273 -11.663 -47.5168 -58.9694 -276.138 128.127
-0.109375 6.44905 -13.812 -46.4922 -59.7332 -274.019 134.165
-0.101562 5.97957 -15.9433 -45.4205 -60.4545 -271.595 140.198
-0.09375 5.50464 -18.0545 -44.3018 -61.1281 -268.862 146.202
-0.0859375 5.02465 -20.1431 -43.1363 -61.7493 -265.817 152.147
-0.078125 4.54003 -22.2067 -41.9248 -62.3135 -262.464 158.005
-0.0703125 4.05124 -24.2429 -40.668 -62.8166 -258.809 163.747
-0.0625 3.55877 -26.2494 -39.3668 -63.255 -254.86 169.342
-0.0546875 3.06314 -28.224 -38.0227 -63.6255 -250.632 174.763
-0.046875 2.56489 -30.1645 -36.6369 -63.9261 -246.142 179.982
-0.0390625 2.06458 -32.069 -35.2113 -64.155 -241.409 184.973
-0.03125 1.56275 -33.9357 -33.7477 -64.3116 -236.459 189.714
-0.0234375 1.05999 -35.7629 -32.2481 -64.396 -231.316 194.184
-0.015625 0.556846 -37.5493 -30.7147 -64.4091 -226.009 198.368
-0.0078125 0.0538704 -39.2938 -29.1498 -64.3527 -220.569 202.251
0 -0.448402 -40.9952 -27.5557 -64.2291 -214.992 205.846
0.0078125 -0.949461 -42.6526 -25.9346 -64.0419 -209.308 209.149
0.015625 -1.44883 -44.2654 -24.2889 -63.7956 -203.577 212.142
0.0234375 -1.94605 -45.8334 -22.6211 -63.4936 -197.822 214.826
0.03125 -2.44071 -47.3564 -20.9334 -63.1396 -192.066 217.207
0.0390625 -2.93242 -48.8345 -19.2284 -62.7375 -186.33 219.292
0.046875 -3.42081 -50.268 -17.5081 -62.2914 -180.632 221.089
0.0546875 -3.90556 -51.6571 -15.7749 -61.8052 -174.989 222.609
0.0625 -4.38638 -53.0024 -14.0309 -61.2828 -169.416 223.865
0.0703125 -4.86298 -54.3046 -12.278 -60.7281 -163.926 224.869
0.078125 -5.33514 -55.5641 -10.5183 -60.1447 -158.528 225.634
0.0859375 -5.80264 -56.7819 -8.75339 -59.536 -153.231 226.174
0.09375 -6.26531 -57.9588 -6.98513 -58.9053 -148.042 226.502
0.101562 -6.72296 -59.0955 -5.21507 -58.2554 -142.965 226.632
0.109375 -7.17548 -60.1931 -3.44472 -57.5892 -138.004 226.578
0.117188 -7.62274 -61.2523 -1.67547 -56.9091 -133.162 226.35
0.125 -8.06464 -62.2742 0.0913799 -56.2173 -128.438 225.963
0.132812 -8.5011 -63.2596 1.85462 -55.5159 -123.833 225.426
0.140625 -8.93205 -64.2095 3.61312 -54.8067 -119.345 224.751
0.148438 -9.35743 -65.1248 5.36585 -54.0912 -114.974 223.948
0.15625 -9.7772 -66.0064 7.11185 -53.3708 -110.715 223.027
0.164062 -10.1913 -66.8552 8.85022 -52.6469 -106.568 221.995
0.171875 -10.5998 -67.672 10.5801 -51.9204 -102.527 220.862
0.179688 -11.0026 -68.4576 12.3008 -51.1924 -98.5898 219.635
0.1875 -11.3997 -69.2128 14.0116 -50.4635 -94.7519 218.321
0.195312 -11.7911 -69.9385 15.7118 -49.7345 -91.0092 216.927
0.203125 -12.1768 -70.6352 17.4008 -49.0059 -87.3574 215.457
0.210938 -12.5568 -71.3038 19.078 -48.2783 -83.792 213.918
0.21875 -12.9311 -71.9448 20.743 -47.5519 -80.3086 212.315
0.226562 -13.2998 -72.5589 22.3952 -46.8272 -76.9026 210.653
0.234375 -13.6628 -73.1467 24.0342 -46.1044 -73.5693 208.934
0.242188 -14.0202 -73.7087 25.6596 -45.3836 -70.3044 207.164
0.25 -14.3719 -74.2454 27.271 -44.665 -67.1032 205.345
