# time[~Gyr] x y z[kpc] vx vy vz[km/s]
-5 45.7703 437.248 130.754 2.5726 -14.8116 -39.5548
-4.99219 45.7904 437.132 130.445 2.55764 -14.9512 -39.596
-4.98438 45.8103 437.014 130.136 2.54266 -15.0909 -39.6372
-4.97656 45.8301 436.896 129.826 2.52765 -15.2306 -39.6783
-4.96875 45.8498 436.776 129.516 2.51261 -15.3705 -39.7194
-4.96094 45.8694 436.656 129.205 2.49756 -15.5104 -39.7604
-4.95312 45.8888 436.534 128.894 2.48253 -15.6501 -39.8015
-4.94531 45.9081 436.411 128.583 2.46749 -15.7898 -39.8426
-4.9375 45.9274 436.287 128.272 2.4524 -15.9298 -39.8836
-4.92969 45.9465 436.162 127.96 2.43725 -16.0701 -39.9246
-4.92188 45.9654 436.036 127.648 2.42206 -16.2105 -39.9654
-4.91406 45.9843 435.909 127.336 2.40683 -16.3511 -40.0062
-4.90625 46.003 435.781 127.023 2.39157 -16.4918 -40.047
-4.89844 46.0217 435.651 126.71 2.37629 -16.6326 -40.0877
-4.89062 46.0402 435.521 126.397 2.36097 -16.7736 -40.1283
-4.88281 46.0586 435.389 126.083 2.34563 -16.9146 -40.169
-4.875 46.0768 435.257 125.769 2.33025 -17.0559 -40.2095
-4.86719 46.095 435.123 125.455 2.31484 -17.1972 -40.2501
-4.85938 46.113 434.988 125.14 2.29941 -17.3386 -40.2905
-4.85156 46.1309 434.852 124.825 2.28394 -17.4802 -40.331
-4.84375 46.1487 434.715 124.51 2.26844 -17.622 -40.3714
-4.83594 46.1663 434.577 124.194 2.25292 -17.7638 -40.4117
-4.82812 46.1839 434.437 123.878 2.23736 -17.9058 -40.452
-4.82031 46.2013 434.297 123.562 2.22178 -18.0479 -40.4923
-4.8125 46.2186 434.155 123.246 2.20617 -18.1902 -40.5325
-4.80469 46.2358 434.013 122.929 2.19052 -18.3325 -40.5727
-4.79688 46.2528 433.869 122.612 2.17485 -18.4751 -40.6128
-4.78906 46.2698 433.724 122.294 2.15915 -18.6177 -40.6528
-4.78125 46.2866 433.578 121.977 2.14341 -18.7606 -40.6929
-4.77344 46.3032 433.431 121.659 2.12765 -18.9035 -40.7328
-4.76562 46.3198 433.282 121.34 2.11186 -19.0466 -40.7728
-4.75781 46.3362 433.133 121.021 2.09604 -19.1898 -40.8127
-4.75 46.3526 432.983 120.702 2.08019 -19.3332 -40.8525
-4.74219 46.3687 432.831 120.383 2.06431 -19.4767 -40.8923
-4.73438 46.3848 432.678 120.063 2.0484 -19.6204 -40.932
-4.72656 46.4008 432.524 119.744 2.03246 -19.7642 -40.9717
-4.71875 46.4166 432.37 119.423 2.01649 -19.9082 -41.0114
-4.71094 46.4323 432.213 119.103 2.00049 -20.0523 -41.051
-4.70312 46.4478 432.056 118.782 1.98446 -20.1966 -41.0906
-4.69531 46.4633 431.898 118.461 1.96841 -20.341 -41.1301
-4.6875 46.4786 431.738 118.139 1.95232 -20.4856 -41.1695
-4.67969 46.4938 431.578 117.817 1.93621 -20.6303 -41.209
-4.67188 46.5088 431.416 117.495 1.92006 -20.7752 -41.2483
-4.66406 46.5238 431.253 117.173 1.90389 -20.9203 -41.2877
-4.65625 46.5386 431.089 116.85 1.88769 -21.0655 -41.3269
-4.64844 46.5533 430.924 116.527 1.87145 -21.2108 -41.3662
-4.64062 46.5678 430.758 116.204 1.85519 -21.3563 -41.4054
-4.63281 46.5823 430.59 115.88 1.8389 -21.502 -41.4445
-4.625 46.5966 430.422 115.556 1.82259 -21.6478 -41.4836
-4.61719 46.6107 430.252 115.232 1.80624 -21.7938 -41.5226
-4.60938 46.6248 430.081 114.908 1.78986 -21.94 -41.5616
-4.60156 46.6387 429.909 114.583 1.77346 -22.0863 -41.6006
-4.59375 46.6525 429.736 114.257 1.75702 -22.2328 -41.6395
-4.58594 46.6662 429.562 113.932 1.74056 -22.3794 -41.6783
-4.57812 46.6797 429.386 113.606 1.72407 -22.5263 -41.7171
-4.57031 46.6931 429.21 113.28 1.70755 -22.6733 -41.7559
-4.5625 46.7064 429.032 112.954 1.691 -22.8204 -41.7946
-4.55469 46.7195 428.853 112.627 1.67442 -22.9678 -41.8333
-4.54688 46.7325 428.673 112.3 1.65781 -23.1153 -41.8719
-4.53906 46.7454 428.492 111.973 1.64118 -23.2629 -41.9104
-4.53125 46.7582 428.31 111.645 1.62451 -23.4108 -41.9489
-4.52344 46.7708 428.126 111.317 1.60782 -23.5588 -41.9874
-4.51562 46.7833 427.942 110.989 1.5911 -23.707 -42.0258
-4.50781 46.7957 427.756 110.661 1.57435 -23.8554 -42.0642
-4.5 46.8079 427.569 110.332 1.55757 -24.004 -42.1025
-4.49219 46.82 427.381 110.003 1.54076 -24.1527 -42.1408
-4.48438 46.832 427.192 109.674 1.52392 -24.3016 -42.179
-4.47656 46.8438 427.001 109.344 1.50706 -24.4507 -42.2172
-4.46875 46.8555 426.81 109.014 1.49016 -24.6 -42.2553
-4.46094 46.8671 426.617 108.684 1.47324 -24.7495 -42.2934
-4.45312 46.8785 426.423 108.353 1.45629 -24.8991 -42.3314
-4.44531 46.8898 426.228 108.022 1.43931 -25.049 -42.3694
-4.4375 46.901 426.031 107.691 1.4223 -25.199 -42.4073
-4.42969 46.9121 425.834 107.36 1.40526 -25.3492 -42.4452
-4.42188 46.923 425.635 107.028 1.38819 -25.4997 -42.483
-4.41406 46.9338 425.436 106.696 1.3711 -25.6503 -42.5208
-4.40625 46.9444 425.235 106.363 1.35397 -25.8011 -42.5585
-4.39844 46.9549 425.032 106.031 1.33682 -25.9521 -42.5962
-4.39062 46.9653 424.829 105.698 1.31964 -26.1032 -42.6338
-4.38281 46.9755 424.625 105.365 1.30243 -26.2546 -42.6714
-4.375 46.9856 424.419 105.031 1.28519 -26.4062 -42.7089
-4.36719 46.9956 424.212 104.697 1.26792 -26.558 -42.7464
-4.35938 47.0055 424.004 104.363 1.25063 -26.71 -42.7838
-4.35156 47.0152 423.795 104.029 1.2333 -26.8622 -42.8212
-4.34375 47.0247 423.584 103.694 1.21595 -27.0146 -42.8585
-4.33594 47.0342 423.372 103.359 1.19856 -27.1672 -42.8958
-4.32812 47.0435 423.16 103.024 1.18115 -27.32 -42.933
-4.32031 47.0526 422.946 102.688 1.16371 -27.473 -42.9702
-4.3125 47.0616 422.73 102.353 1.14624 -27.6262 -43.0073
-4.30469 47.0705 422.514 102.016 1.12875 -27.7796 -43.0444
-4.29688 47.0793 422.296 101.68 1.11122 -27.9332 -43.0814
-4.28906 47.0879 422.077 101.343 1.09366 -28.0871 -43.1183
-4.28125 47.0964 421.857 101.006 1.07608 -28.2412 -43.1553
-4.27344 47.1047 421.636 100.669 1.05846 -28.3954 -43.1921
-4.26562 47.1129 421.414 100.331 1.04082 -28.5499 -43.2289
-4.25781 47.121 421.19 99.9935 1.02315 -28.7046 -43.2657
-4.25 47.1289 420.965 99.6553 1.00545 -28.8596 -43.3024
-4.24219 47.1367 420.739 99.3169 0.987718 -29.0147 -43.339
-4.23438 47.1443 420.512 98.9782 0.969959 -29.1701 -43.3756
-4.22656 47.1518 420.283 98.6392 0.952171 -29.3257 -43.4121
-4.21875 47.1592 420.054 98.2999 0.934353 -29.4815 -43.4486
-4.21094 47.1664 419.823 97.9603 0.916506 -29.6375 -43.485
-4.20312 47.1735 419.591 97.6204 0.89863 -29.7938 -43.5214
-4.19531 47.1805 419.357 97.2803 0.880725 -29.9503 -43.5577
-4.1875 47.1873 419.123 96.9398 0.862791 -30.107 -43.594
-4.17969 47.1939 418.887 96.5991 0.844826 -30.264 -43.6302
-4.17188 47.2005 418.65 96.2581 0.826833 -30.4212 -43.6664
-4.16406 47.2069 418.411 95.9168 0.80881 -30.5786 -43.7025
-4.15625 47.2131 418.172 95.5752 0.790758 -30.7363 -43.7385
-4.14844 47.2192 417.931 95.2334 0.772676 -30.8942 -43.7745
-4.14062 47.2252 417.689 94.8913 0.754564 -31.0523 -43.8105
-4.13281 47.231 417.446 94.5489 0.736423 -31.2107 -43.8464
-4.125 47.2367 417.202 94.2062 0.718252 -31.3693 -43.8822
-4.11719 47.2422 416.956 93.8632 0.700051 -31.5282 -43.918
-4.10938 47.2476 416.709 93.5199 0.68182 -31.6873 -43.9537
-4.10156 47.2529 416.461 93.1764 0.66356 -31.8466 -43.9893
-4.09375 47.258 416.211 92.8326 0.645269 -32.0062 -44.0249
-4.08594 47.263 415.961 92.4885 0.626949 -32.1661 -44.0605
-4.07812 47.2678 415.709 92.1442 0.608598 -32.3262 -44.096
-4.07031 47.2725 415.456 91.7995 0.590217 -32.4865 -44.1314
-4.0625 47.277 415.201 91.4546 0.571806 -32.6471 -44.1668
-4.05469 47.2814 414.945 91.1094 0.553365 -32.808 -44.2021
-4.04688 47.2857 414.689 90.764 0.534894 -32.9691 -44.2374
-4.03906 47.2898 414.43 90.4182 0.516392 -33.1305 -44.2726
-4.03125 47.2937 414.171 90.0722 0.497859 -33.2921 -44.3077
-4.02344 47.2976 413.91 89.7259 0.479296 -33.454 -44.3428
-4.01562 47.3012 413.648 89.3793 0.460702 -33.6162 -44.3778
-4.00781 47.3047 413.385 89.0325 0.442078 -33.7786 -44.4128
-4 47.3081 413.12 88.6854 0.423423 -33.9413 -44.4477
-3.99219 47.3114 412.855 88.338 0.404737 -34.1042 -44.4826
-3.98438 47.3145 412.587 87.9904 0.38602 -34.2675 -44.5173
-3.97656 47.3174 412.319 87.6424 0.367272 -34.431 -44.5521
-3.96875 47.3202 412.049 87.2942 0.348493 -34.5947 -44.5867
-3.96094 47.3228 411.779 86.9458 0.329682 -34.7588 -44.6214
-3.95312 47.3253 411.506 86.597 0.31084 -34.9231 -44.6559
-3.94531 47.3277 411.233 86.248 0.291967 -35.0877 -44.6904
-3.9375 47.3299 410.958 85.8987 0.273063 -35.2525 -44.7248
-3.92969 47.332 410.682 85.5492 0.254126 -35.4177 -44.7592
-3.92188 47.3339 410.405 85.1994 0.235158 -35.5831 -44.7935
-3.91406 47.3356 410.126 84.8493 0.216159 -35.7488 -44.8277
-3.90625 47.3373 409.846 84.4989 0.197127 -35.9149 -44.8619
-3.89844 47.3387 409.565 84.1483 0.178063 -36.0811 -44.896
-3.89062 47.34 409.282 83.7974 0.158968 -36.2477 -44.9301
-3.88281 47.3412 408.999 83.4463 0.13984 -36.4146 -44.9641
-3.875 47.3422 408.713 83.0949 0.120679 -36.5818 -44.998
-3.86719 47.3431 408.427 82.7432 0.101486 -36.7492 -45.0319
-3.85938 47.3438 408.139 82.3913 0.0822611 -36.917 -45.0657
-3.85156 47.3444 407.85 82.039 0.063003 -37.085 -45.0994
-3.84375 47.3448 407.56 81.6866 0.0437122 -37.2534 -45.1331
-3.83594 47.3451 407.268 81.3338 0.0243885 -37.422 -45.1667
-3.82812 47.3452 406.975 80.9808 0.00503171 -37.591 -45.2002
-3.82031 47.3451 406.681 80.6276 -0.0143582 -37.7603 -45.2337
-3.8125 47.3449 406.385 80.2741 -0.0337815 -37.9298 -45.2671
-3.80469 47.3446 406.088 79.9203 -0.0532382 -38.0997 -45.3004
-3.79688 47.3441 405.79 79.5662 -0.0727284 -38.2699 -45.3337
-3.78906 47.3435 405.49 79.2119 -0.0922523 -38.4404 -45.3669
-3.78125 47.3427 405.189 78.8574 -0.11181 -38.6112 -45.4001
-3.77344 47.3417 404.887 78.5026 -0.131402 -38.7823 -45.4331
-3.76562 47.3406 404.583 78.1475 -0.151028 -38.9538 -45.4661
-3.75781 47.3394 404.278 77.7922 -0.170688 -39.1256 -45.4991
-3.75 47.338 403.972 77.4366 -0.190382 -39.2977 -45.5319
-3.74219 47.3364 403.664 77.0807 -0.210111 -39.4701 -45.5648
-3.73438 47.3347 403.355 76.7246 -0.229875 -39.6428 -45.5975
-3.72656 47.3328 403.045 76.3683 -0.249674 -39.8159 -45.6301
-3.71875 47.3308 402.733 76.0117 -0.269507 -39.9893 -45.6627
-3.71094 47.3286 402.42 75.6548 -0.289376 -40.163 -45.6953
-3.70312 47.3262 402.105 75.2977 -0.30928 -40.3371 -45.7277
-3.69531 47.3238 401.79 74.9403 -0.32922 -40.5115 -45.7601
-3.6875 47.3211 401.472 74.5827 -0.349195 -40.6862 -45.7924
-3.67969 47.3183 401.154 74.2248 -0.369207 -40.8613 -45.8246
-3.67188 47.3153 400.834 73.8667 -0.389254 -41.0367 -45.8568
-3.66406 47.3122 400.513 73.5083 -0.409337 -41.2125 -45.8889
-3.65625 47.3089 400.19 73.1496 -0.429457 -41.3886 -45.9209
-3.64844 47.3055 399.866 72.7908 -0.449613 -41.5651 -45.9529
-3.64062 47.3019 399.541 72.4316 -0.469806 -41.7419 -45.9847
-3.63281 47.2982 399.214 72.0723 -0.490036 -41.919 -46.0165
-3.625 47.2943 398.886 71.7126 -0.510303 -42.0966 -46.0483
-3.61719 47.2902 398.556 71.3527 -0.530608 -42.2744 -46.0799
-3.60938 47.286 398.225 70.9926 -0.55095 -42.4527 -46.1115
-3.60156 47.2816 397.893 70.6323 -0.571329 -42.6312 -46.143
-3.59375 47.277 397.559 70.2716 -0.591746 -42.8102 -46.1744
-3.58594 47.2723 397.224 69.9108 -0.612202 -42.9895 -46.2057
-3.57812 47.2675 396.887 69.5497 -0.632696 -43.1692 -46.237
-3.57031 47.2624 396.549 69.1883 -0.653228 -43.3493 -46.2682
-3.5625 47.2573 396.21 68.8267 -0.673799 -43.5297 -46.2993
-3.55469 47.2519 395.869 68.4649 -0.694409 -43.7105 -46.3303
-3.54688 47.2464 395.527 68.1028 -0.715058 -43.8917 -46.3613
-3.53906 47.2407 395.183 67.7405 -0.735747 -44.0732 -46.3922
-3.53125 47.2349 394.838 67.3779 -0.756475 -44.2552 -46.4229
-3.52344 47.2289 394.492 67.0151 -0.777243 -44.4375 -46.4537
-3.51562 47.2228 394.144 66.6521 -0.798051 -44.6202 -46.4843
-3.50781 47.2165 393.795 66.2888 -0.818899 -44.8033 -46.5148
-3.5 47.21 393.444 65.9253 -0.839788 -44.9868 -46.5453
-3.49219 47.2033 393.092 65.5616 -0.860717 -45.1707 -46.5757
-3.48438 47.1965 392.738 65.1976 -0.881688 -45.3549 -46.606
-3.47656 47.1896 392.383 64.8333 -0.9027 -45.5396 -46.6362
-3.46875 47.1824 392.026 64.4689 -0.923753 -45.7247 -46.6663
-3.46094 47.1751 391.669 64.1042 -0.944848 -45.9102 -46.6964
-3.45312 47.1677 391.309 63.7393 -0.965985 -46.096 -46.7264
-3.44531 47.16 390.948 63.3741 -0.987165 -46.2823 -46.7562
-3.4375 47.1522 390.586 63.0087 -1.00839 -46.469 -46.786
-3.42969 47.1443 390.222 62.6431 -1.02965 -46.6561 -46.8157
-3.42188 47.1361 389.857 62.2772 -1.05096 -46.8437 -46.8453
-3.41406 47.1279 389.49 61.9111 -1.07231 -47.0316 -46.8749
-3.40625 47.1194 389.122 61.5448 -1.09371 -47.22 -46.9043
-3.39844 47.1108 388.752 61.1782 -1.11514 -47.4087 -46.9337
-3.39062 47.102 388.381 60.8114 -1.13663 -47.598 -46.9629
-3.38281 47.093 388.009 60.4444 -1.15816 -47.7876 -46.9921
-3.375 47.0839 387.635 60.0772 -1.17973 -47.9777 -47.0212
-3.36719 47.0746 387.259 59.7097 -1.20135 -48.1682 -47.0502
-3.35938 47.0651 386.882 59.342 -1.22301 -48.3591 -47.0791
-3.35156 47.0555 386.503 58.9741 -1.24472 -48.5505 -47.1079
-3.34375 47.0457 386.123 58.606 -1.26647 -48.7423 -47.1366
-3.33594 47.0357 385.742 58.2376 -1.28827 -48.9345 -47.1652
-3.32812 47.0255 385.359 57.869 -1.31012 -49.1272 -47.1937
-3.32031 47.0152 384.974 57.5002 -1.33202 -49.3204 -47.2221
-3.3125 47.0047 384.588 57.1312 -1.35396 -49.514 -47.2505
-3.30469 46.994 384.201 56.7619 -1.37595 -49.7081 -47.2787
-3.29688 46.9832 383.811 56.3924 -1.39799 -49.9026 -47.3068
-3.28906 46.9722 383.421 56.0227 -1.42007 -50.0975 -47.3349
-3.28125 46.961 383.029 55.6528 -1.44221 -50.293 -47.3628
-3.27344 46.9497 382.635 55.2827 -1.46439 -50.4889 -47.3907
-3.26562 46.9381 382.24 54.9123 -1.48662 -50.6853 -47.4184
-3.25781 46.9264 381.843 54.5418 -1.50891 -50.8821 -47.446
-3.25 46.9146 381.445 54.171 -1.53124 -51.0794 -47.4736
-3.24219 46.9025 381.045 53.8 -1.55362 -51.2773 -47.501
-3.23438 46.8903 380.644 53.4288 -1.57606 -51.4755 -47.5283
-3.22656 46.8779 380.241 53.0574 -1.59854 -51.6743 -47.5556
-3.21875 46.8653 379.836 52.6857 -1.62108 -51.8736 -47.5827
-3.21094 46.8526 379.43 52.3139 -1.64367 -52.0733 -47.6097
-3.20312 46.8396 379.022 51.9418 -1.66631 -52.2735 -47.6366
-3.19531 46.8265 378.613 51.5696 -1.68901 -52.4743 -47.6634
-3.1875 46.8132 378.203 51.1971 -1.71175 -52.6755 -47.6901
-3.17969 46.7998 377.79 50.8244 -1.73455 -52.8772 -47.7167
-3.17188 46.7861 377.376 50.4515 -1.75741 -53.0795 -47.7432
-3.16406 46.7723 376.961 50.0784 -1.78032 -53.2822 -47.7695
-3.15625 46.7583 376.544 49.7051 -1.80328 -53.4855 -47.7958
-3.14844 46.7441 376.125 49.3316 -1.8263 -53.6893 -47.8219
-3.14062 46.7298 375.705 48.9579 -1.84938 -53.8936 -47.848
-3.13281 46.7152 375.283 48.584 -1.87251 -54.0984 -47.8739
-3.125 46.7005 374.86 48.2099 -1.8957 -54.3037 -47.8997
-3.11719 46.6856 374.435 47.8356 -1.91894 -54.5096 -47.9254
-3.10938 46.6705 374.008 47.4611 -1.94225 -54.716 -47.9509
-3.10156 46.6553 373.58 47.0863 -1.96561 -54.9229 -47.9764
-3.09375 46.6398 373.15 46.7114 -1.98903 -55.1304 -48.0017
-3.08594 46.6242 372.718 46.3363 -2.0125 -55.3384 -48.0269
-3.07812 46.6084 372.285 45.961 -2.03604 -55.547 -48.052
-3.07031 46.5924 371.85 45.5855 -2.05964 -55.7561 -48.077
-3.0625 46.5762 371.414 45.2098 -2.0833 -55.9658 -48.1018
-3.05469 46.5598 370.976 44.8339 -2.10702 -56.176 -48.1266
-3.04688 46.5433 370.536 44.4578 -2.1308 -56.3868 -48.1512
-3.03906 46.5265 370.095 44.0815 -2.15464 -56.5981 -48.1756
-3.03125 46.5096 369.652 43.7051 -2.17854 -56.8101 -48.2
-3.02344 46.4925 369.207 43.3284 -2.20251 -57.0226 -48.2242
-3.01562 46.4752 368.761 42.9516 -2.22654 -57.2356 -48.2483
-3.00781 46.4577 368.313 42.5745 -2.25063 -57.4493 -48.2723
-3 46.44 367.863 42.1973 -2.27479 -57.6635 -48.2961
-2.99219 46.4222 367.412 41.8199 -2.29902 -57.8783 -48.3198
-2.98438 46.4041 366.959 41.4423 -2.32331 -58.0937 -48.3434
-2.97656 46.3859 366.504 41.0646 -2.34766 -58.3097 -48.3668
-2.96875 46.3674 366.048 40.6866 -2.37209 -58.5263 -48.3901
-2.96094 46.3488 365.59 40.3085 -2.39658 -58.7434 -48.4133
-2.95312 46.33 365.13 39.9301 -2.42114 -58.9612 -48.4363
-2.94531 46.311 364.668 39.5516 -2.44576 -59.1796 -48.4592
-2.9375 46.2918 364.205 39.173 -2.47046 -59.3987 -48.482
-2.92969 46.2724 363.74 38.7941 -2.49522 -59.6183 -48.5046
-2.92188 46.2528 363.274 38.4151 -2.52006 -59.8386 -48.527
-2.91406 46.233 362.805 38.0359 -2.54497 -60.0594 -48.5494
-2.90625 46.213 362.335 37.6565 -2.56994 -60.281 -48.5715
-2.89844 46.1928 361.863 37.2769 -2.595 -60.5031 -48.5936
-2.89062 46.1725 361.39 36.8972 -2.62012 -60.7259 -48.6155
-2.88281 46.1519 360.915 36.5173 -2.64532 -60.9493 -48.6372
-2.875 46.1311 360.438 36.1373 -2.67059 -61.1734 -48.6588
-2.86719 46.1102 359.959 35.757 -2.69593 -61.3981 -48.6802
-2.85938 46.089 359.478 35.3766 -2.72135 -61.6235 -48.7015
-2.85156 46.0676 358.996 34.9961 -2.74685 -61.8495 -48.7226
-2.84375 46.0461 358.512 34.6153 -2.77243 -62.0762 -48.7436
-2.83594 46.0243 358.026 34.2345 -2.79808 -62.3036 -48.7644
-2.82812 46.0024 357.538 33.8534 -2.82381 -62.5316 -48.7851
-2.82031 45.9802 357.049 33.4722 -2.84962 -62.7604 -48.8056
-2.8125 45.9578 356.558 33.0908 -2.87551 -62.9898 -48.8259
-2.80469 45.9353 356.065 32.7093 -2.90148 -63.2199 -48.8461
-2.79688 45.9125 355.57 32.3276 -2.92753 -63.4507 -48.8661
-2.78906 45.8895 355.073 31.9458 -2.95366 -63.6821 -48.886
-2.78125 45.8664 354.575 31.5638 -2.97988 -63.9143 -48.9057
-2.77344 45.843 354.075 31.1816 -3.00618 -64.1472 -48.9252
-2.76562 45.8194 353.572 30.7993 -3.03256 -64.3808 -48.9445
-2.75781 45.7956 353.069 30.4168 -3.05903 -64.6151 -48.9637
-2.75 45.7716 352.563 30.0342 -3.08559 -64.8502 -48.9827
-2.74219 45.7474 352.055 29.6515 -3.11223 -65.0859 -49.0015
-2.73438 45.723 351.546 29.2686 -3.13896 -65.3224 -49.0202
-2.72656 45.6983 351.035 28.8856 -3.16577 -65.5596 -49.0387
-2.71875 45.6735 350.522 28.5024 -3.19268 -65.7976 -49.0569
-2.71094 45.6484 350.007 28.119 -3.21968 -66.0363 -49.0751
-2.70312 45.6232 349.49 27.7356 -3.24676 -66.2758 -49.093
-2.69531 45.5977 348.971 27.352 -3.27394 -66.516 -49.1107
-2.6875 45.572 348.45 26.9682 -3.30122 -66.757 -49.1283
-2.67969 45.5461 347.928 26.5843 -3.32858 -66.9988 -49.1456
-2.67188 45.52 347.404 26.2003 -3.35604 -67.2413 -49.1628
-2.66406 45.4937 346.877 25.8162 -3.3836 -67.4846 -49.1798
-2.65625 45.4671 346.349 25.4319 -3.41125 -67.7287 -49.1966
-2.64844 45.4404 345.819 25.0475 -3.439 -67.9735 -49.2132
-2.64062 45.4134 345.287 24.6629 -3.46685 -68.2192 -49.2296
-2.63281 45.3862 344.753 24.2783 -3.49479 -68.4657 -49.2458
-2.625 45.3588 344.217 23.8935 -3.52284 -68.7129 -49.2618
-2.61719 45.3312 343.679 23.5085 -3.55099 -68.961 -49.2775
-2.60938 45.3033 343.14 23.1235 -3.57924 -69.2099 -49.2931
-2.60156 45.2752 342.598 22.7383 -3.60759 -69.4597 -49.3085
-2.59375 45.2469 342.054 22.3531 -3.63605 -69.7102 -49.3237
-2.58594 45.2184 341.509 21.9677 -3.66462 -69.9616 -49.3386
-2.57812 45.1897 340.961 21.5821 -3.69329 -70.2138 -49.3533
-2.57031 45.1607 340.412 21.1965 -3.72206 -70.4669 -49.3679
-2.5625 45.1315 339.86 20.8108 -3.75095 -70.7208 -49.3822
-2.55469 45.1021 339.307 20.4249 -3.77994 -70.9756 -49.3962
-2.54688 45.0725 338.751 20.039 -3.80905 -71.2313 -49.4101
-2.53906 45.0426 338.194 19.6529 -3.83827 -71.4878 -49.4237
-2.53125 45.0125 337.634 19.2667 -3.8676 -71.7452 -49.4371
-2.52344 44.9822 337.073 18.8804 -3.89704 -72.0035 -49.4503
-2.51562 44.9516 336.509 18.494 -3.9266 -72.2627 -49.4632
-2.50781 44.9208 335.944 18.1076 -3.95628 -72.5228 -49.4759
-2.5 44.8898 335.376 17.721 -3.98607 -72.7838 -49.4884
-2.49219 44.8585 334.806 17.3343 -4.01598 -73.0457 -49.5006
-2.48438 44.827 334.235 16.9475 -4.04602 -73.3085 -49.5126
-2.47656 44.7953 333.661 16.5607 -4.07617 -73.5722 -49.5243
-2.46875 44.7633 333.085 16.1737 -4.10645 -73.8369 -49.5358
-2.46094 44.7311 332.507 15.7867 -4.13685 -74.1025 -49.547
-2.45312 44.6987 331.927 15.3996 -4.16737 -74.3691 -49.558
-2.44531 44.666 331.345 15.0123 -4.19802 -74.6366 -49.5688
-2.4375 44.6331 330.761 14.625 -4.2288 -74.905 -49.5792
-2.42969 44.6 330.175 14.2377 -4.25971 -75.1745 -49.5894
-2.42188 44.5666 329.586 13.8502 -4.29075 -75.4449 -49.5994
-2.41406 44.5329 328.996 13.4627 -4.32192 -75.7163 -49.609
-2.40625 44.499 328.403 13.0751 -4.35323 -75.9886 -49.6184
-2.39844 44.4649 327.809 12.6874 -4.38467 -76.262 -49.6276
-2.39062 44.4305 327.212 12.2996 -4.41624 -76.5364 -49.6364
-2.38281 44.3959 326.613 11.9118 -4.44795 -76.8118 -49.645
-2.375 44.361 326.012 11.5239 -4.4798 -77.0882 -49.6533
-2.36719 44.3259 325.408 11.136 -4.5118 -77.3656 -49.6613
-2.35938 44.2905 324.803 10.748 -4.54393 -77.6441 -49.669
-2.35156 44.2549 324.195 10.3599 -4.57621 -77.9236 -49.6764
-2.34375 44.219 323.585 9.97179 -4.60863 -78.2042 -49.6835
-2.33594 44.1829 322.973 9.58361 -4.6412 -78.4858 -49.6903
-2.32812 44.1465 322.359 9.19538 -4.67391 -78.7685 -49.6968
-2.32031 44.1098 321.742 8.8071 -4.70678 -79.0523 -49.7031
-2.3125 44.0729 321.124 8.41877 -4.7398 -79.3371 -49.709
-2.30469 44.0358 320.503 8.0304 -4.77297 -79.6231 -49.7145
-2.29688 43.9984 319.879 7.64198 -4.80629 -79.9101 -49.7198
-2.28906 43.9607 319.254 7.25353 -4.83978 -80.1983 -49.7248
-2.28125 43.9227 318.626 6.86503 -4.87342 -80.4876 -49.7294
-2.27344 43.8845 317.996 6.47651 -4.90722 -80.778 -49.7337
-2.26562 43.8461 317.364 6.08795 -4.94118 -81.0695 -49.7377
-2.25781 43.8073 316.73 5.69936 -4.9753 -81.3622 -49.7413
-2.25 43.7683 316.093 5.31074 -5.00959 -81.656 -49.7446
-2.24219 43.7291 315.454 4.9221 -5.04405 -81.9511 -49.7475
-2.23438 43.6895 314.812 4.53343 -5.07867 -82.2472 -49.7501
-2.22656 43.6497 314.169 4.14475 -5.11347 -82.5446 -49.7524
-2.21875 43.6096 313.523 3.75606 -5.14844 -82.8432 -49.7543
-2.21094 43.5693 312.874 3.36734 -5.18358 -83.1429 -49.7558
-2.20312 43.5286 312.224 2.97862 -5.2189 -83.4439 -49.757
-2.19531 43.4877 311.57 2.58989 -5.2544 -83.7461 -49.7578
-2.1875 43.4465 310.915 2.20116 -5.29008 -84.0495 -49.7582
-2.17969 43.4051 310.257 1.81242 -5.32594 -84.3542 -49.7583
-2.17188 43.3633 309.597 1.42369 -5.36199 -84.6601 -49.7579
-2.16406 43.3213 308.934 1.03496 -5.39822 -84.9673 -49.7572
-2.15625 43.279 308.269 0.646232 -5.43464 -85.2757 -49.7561
-2.14844 43.2364 307.602 0.257519 -5.47125 -85.5855 -49.7546
-2.14062 43.1935 306.932 -0.131181 -5.50806 -85.8965 -49.7526
-2.13281 43.1503 306.26 -0.519865 -5.54506 -86.2088 -49.7503
-2.125 43.1068 305.585 -0.908528 -5.58225 -86.5225 -49.7476
-2.11719 43.0631 304.908 -1.29717 -5.61965 -86.8375 -49.7444
-2.10938 43.019 304.228 -1.68578 -5.65725 -87.1538 -49.7409
-2.10156 42.9747 303.546 -2.07437 -5.69506 -87.4714 -49.7368
-2.09375 42.93 302.861 -2.46292 -5.73307 -87.7905 -49.7324
-2.08594 42.8851 302.174 -2.85144 -5.77129 -88.1109 -49.7275
-2.07812 42.8399 301.485 -3.23991 -5.80972 -88.4326 -49.7222
-2.07031 42.7943 300.793 -3.62834 -5.84836 -88.7558 -49.7164
-2.0625 42.7485 300.098 -4.01673 -5.88723 -89.0804 -49.7102
-2.05469 42.7023 299.401 -4.40506 -5.92631 -89.4064 -49.7035
-2.04688 42.6559 298.701 -4.79334 -5.96561 -89.7338 -49.6964
-2.03906 42.6091 297.999 -5.18157 -6.00514 -90.0627 -49.6887
-2.03125 42.562 297.294 -5.56973 -6.04489 -90.393 -49.6806
-2.02344 42.5147 296.586 -5.95783 -6.08488 -90.7248 -49.672
-2.01562 42.467 295.876 -6.34585 -6.12509 -91.0581 -49.6629
-2.00781 42.419 295.163 -6.73381 -6.16554 -91.3929 -49.6533
-2 42.3706 294.448 -7.12168 -6.20623 -91.7292 -49.6432
-1.99219 42.322 293.73 -7.50948 -6.24716 -92.067 -49.6326
-1.98438 42.273 293.01 -7.89719 -6.28834 -92.4063 -49.6215
-1.97656 42.2237 292.286 -8.28481 -6.32976 -92.7472 -49.6099
-1.96875 42.1741 291.56 -8.67234 -6.37143 -93.0897 -49.5977
-1.96094 42.1242 290.832 -9.05978 -6.41335 -93.4337 -49.5849
-1.95312 42.0739 290.1 -9.44711 -6.45552 -93.7793 -49.5717
-1.94531 42.0233 289.366 -9.83433 -6.49796 -94.1266 -49.5578
-1.9375 41.9724 288.63 -10.2214 -6.54066 -94.4754 -49.5434
-1.92969 41.9211 287.89 -10.6084 -6.58362 -94.8259 -49.5285
-1.92188 41.8695 287.148 -10.9953 -6.62685 -95.178 -49.5129
-1.91406 41.8176 286.403 -11.3821 -6.67035 -95.5318 -49.4968
-1.90625 41.7653 285.655 -11.7687 -6.71413 -95.8872 -49.4801
-1.89844 41.7127 284.905 -12.1552 -6.75818 -96.2444 -49.4627
-1.89062 41.6597 284.152 -12.5416 -6.80252 -96.6032 -49.4448
-1.88281 41.6064 283.395 -12.9278 -6.84714 -96.9638 -49.4262
-1.875 41.5527 282.636 -13.3138 -6.89205 -97.3261 -49.4071
-1.86719 41.4987 281.875 -13.6998 -6.93725 -97.6902 -49.3872
-1.85938 41.4443 281.11 -14.0855 -6.98274 -98.0561 -49.3668
-1.85156 41.3896 280.343 -14.4711 -7.02854 -98.4237 -49.3456
-1.84375 41.3345 279.572 -14.8565 -7.07464 -98.7932 -49.3239
-1.83594 41.279 278.799 -15.2418 -7.12104 -99.1644 -49.3014
-1.82812 41.2232 278.023 -15.6269 -7.16776 -99.5375 -49.2782
-1.82031 41.167 277.244 -16.0118 -7.21479 -99.9125 -49.2544
-1.8125 41.1105 276.462 -16.3965 -7.26214 -100.289 -49.2298
-1.80469 41.0536 275.677 -16.781 -7.30981 -100.668 -49.2046
-1.79688 40.9963 274.889 -17.1653 -7.35781 -101.049 -49.1786
-1.78906 40.9386 274.098 -17.5494 -7.40614 -101.431 -49.1519
-1.78125 40.8805 273.304 -17.9333 -7.45481 -101.816 -49.1244
-1.77344 40.8221 272.507 -18.317 -7.50381 -102.202 -49.0962
-1.76562 40.7633 271.707 -18.7004 -7.55316 -102.591 -49.0672
-1.75781 40.7041 270.904 -19.0836 -7.60286 -102.981 -49.0374
-1.75 40.6445 270.098 -19.4666 -7.6529 -103.374 -49.0069
-1.74219 40.5845 269.289 -19.8494 -7.70331 -103.768 -48.9755
-1.73438 40.5241 268.476 -20.2319 -7.75408 -104.165 -48.9433
-1.72656 40.4633 267.661 -20.6141 -7.80521 -104.564 -48.9103
-1.71875 40.4022 266.843 -20.9961 -7.85672 -104.964 -48.8764
-1.71094 40.3406 266.021 -21.3778 -7.9086 -105.367 -48.8417
-1.70312 40.2786 265.196 -21.7592 -7.96086 -105.772 -48.8062
-1.69531 40.2162 264.368 -22.1404 -8.01351 -106.18 -48.7697
-1.6875 40.1534 263.537 -22.5212 -8.06655 -106.589 -48.7324
-1.67969 40.0902 262.703 -22.9018 -8.11999 -107.001 -48.6941
-1.67188 40.0265 261.865 -23.2821 -8.17382 -107.414 -48.655
-1.66406 39.9624 261.024 -23.662 -8.22807 -107.831 -48.6149
-1.65625 39.8979 260.18 -24.0417 -8.28272 -108.249 -48.5738
-1.64844 39.833 259.333 -24.421 -8.3378 -108.67 -48.5318
-1.64062 39.7677 258.482 -24.8 -8.3933 -109.093 -48.4888
-1.63281 39.7019 257.628 -25.1786 -8.44922 -109.518 -48.4448
-1.625 39.6356 256.771 -25.5569 -8.50559 -109.946 -48.3998
-1.61719 39.569 255.911 -25.9349 -8.56239 -110.376 -48.3537
-1.60938 39.5018 255.047 -26.3125 -8.61964 -110.808 -48.3067
-1.60156 39.4343 254.179 -26.6897 -8.67734 -111.243 -48.2585
-1.59375 39.3663 253.308 -27.0665 -8.7355 -111.681 -48.2093
-1.58594 39.2978 252.434 -27.4429 -8.79413 -112.121 -48.159
-1.57812 39.2289 251.556 -27.819 -8.85323 -112.563 -48.1076
-1.57031 39.1595 250.675 -28.1946 -8.9128 -113.008 -48.055
-1.5625 39.0896 249.791 -28.5698 -8.97286 -113.456 -48.0013
-1.55469 39.0193 248.903 -28.9446 -9.03342 -113.906 -47.9464
-1.54688 38.9484 248.011 -29.319 -9.09447 -114.359 -47.8903
-1.53906 38.8771 247.116 -29.6929 -9.15602 -114.815 -47.833
-1.53125 38.8054 246.217 -30.0664 -9.21809 -115.273 -47.7745
-1.52344 38.7331 245.315 -30.4394 -9.28068 -115.734 -47.7148
-1.51562 38.6604 244.409 -30.8119 -9.34379 -116.198 -47.6537
-1.50781 38.5871 243.499 -31.184 -9.40744 -116.664 -47.5914
-1.5 38.5134 242.586 -31.5555 -9.47163 -117.133 -47.5277
-1.49219 38.4391 241.669 -31.9266 -9.53638 -117.606 -47.4628
-1.48438 38.3644 240.748 -32.2971 -9.60167 -118.081 -47.3964
-1.47656 38.2891 239.824 -32.6671 -9.66754 -118.558 -47.3287
-1.46875 38.2133 238.896 -33.0366 -9.73397 -119.039 -47.2595
-1.46094 38.137 237.964 -33.4056 -9.80099 -119.523 -47.189
-1.45312 38.0602 237.028 -33.774 -9.8686 -120.01 -47.1169
-1.44531 37.9828 236.089 -34.1418 -9.93681 -120.5 -47.0434
-1.4375 37.9049 235.145 -34.509 -10.0056 -120.993 -46.9684
-1.42969 37.8265 234.198 -34.8756 -10.0751 -121.489 -46.8918
-1.42188 37.7475 233.247 -35.2417 -10.1451 -121.988 -46.8137
-1.41406 37.6679 232.292 -35.6071 -10.2158 -122.49 -46.734
-1.40625 37.5878 231.333 -35.9719 -10.2871 -122.996 -46.6526
-1.39844 37.5072 230.37 -36.336 -10.3591 -123.505 -46.5696
-1.39062 37.426 229.403 -36.6995 -10.4318 -124.017 -46.4849
-1.38281 37.3442 228.432 -37.0624 -10.5051 -124.532 -46.3985
-1.375 37.2618 227.457 -37.4245 -10.5791 -125.051 -46.3104
-1.36719 37.1789 226.478 -37.786 -10.6538 -125.573 -46.2205
-1.35938 37.0954 225.495 -38.1467 -10.7292 -126.099 -46.1287
-1.35156 37.0112 224.508 -38.5067 -10.8053 -126.628 -46.0352
-1.34375 36.9265 223.517 -38.866 -10.8822 -127.161 -45.9397
-1.33594 36.8412 222.521 -39.2245 -10.9598 -127.697 -45.8423
-1.32812 36.7553 221.521 -39.5823 -11.0381 -128.237 -45.743
-1.32031 36.6687 220.517 -39.9392 -11.1172 -128.78 -45.6417
-1.3125 36.5816 219.509 -40.2954 -11.197 -129.327 -45.5384
-1.30469 36.4938 218.497 -40.6508 -11.2777 -129.878 -45.433
-1.29688 36.4054 217.48 -41.0053 -11.3591 -130.433 -45.3255
-1.28906 36.3163 216.459 -41.359 -11.4414 -130.991 -45.2158
-1.28125 36.2266 215.433 -41.7118 -11.5244 -131.554 -45.1039
-1.27344 36.1362 214.403 -42.0637 -11.6083 -132.12 -44.9899
-1.26562 36.0452 213.369 -42.4147 -11.6931 -132.69 -44.8735
-1.25781 35.9535 212.33 -42.7649 -11.7787 -133.265 -44.7548
-1.25 35.8612 211.286 -43.114 -11.8652 -133.843 -44.6338
-1.24219 35.7681 210.239 -43.4622 -11.9525 -134.426 -44.5103
-1.23438 35.6744 209.186 -43.8095 -12.0408 -135.012 -44.3844
-1.22656 35.58 208.129 -44.1557 -12.13 -135.603 -44.2559
-1.21875 35.4849 207.067 -44.501 -12.2201 -136.199 -44.1249
-1.21094 35.389 206.001 -44.8452 -12.3112 -136.798 -43.9913
-1.20312 35.2925 204.93 -45.1883 -12.4032 -137.402 -43.855
-1.19531 35.1952 203.854 -45.5304 -12.4962 -138.011 -43.7159
-1.1875 35.0972 202.773 -45.8714 -12.5902 -138.624 -43.5741
-1.17969 34.9985 201.688 -46.2112 -12.6852 -139.241 -43.4294
-1.17188 34.899 200.598 -46.55 -12.7812 -139.863 -43.2819
-1.16406 34.7988 199.503 -46.8875 -12.8783 -140.49 -43.1313
-1.15625 34.6978 198.402 -47.2239 -12.9764 -141.122 -42.9777
-1.14844 34.596 197.297 -47.559 -13.0756 -141.758 -42.821
-1.14062 34.4935 196.187 -47.8929 -13.176 -142.399 -42.6612
-1.13281 34.3902 195.072 -48.2256 -13.2774 -143.045 -42.4981
-1.125 34.286 193.952 -48.557 -13.38 -143.697 -42.3317
-1.11719 34.1811 192.827 -48.887 -13.4837 -144.353 -42.162
-1.10938 34.0753 191.697 -49.2157 -13.5886 -145.014 -41.9887
-1.10156 33.9688 190.561 -49.5431 -13.6947 -145.681 -41.812
-1.09375 33.8614 189.421 -49.869 -13.802 -146.353 -41.6316
-1.08594 33.7531 188.275 -50.1936 -13.9105 -147.03 -41.4476
-1.07812 33.644 187.123 -50.5166 -14.0203 -147.713 -41.2597
-1.07031 33.534 185.967 -50.8382 -14.1314 -148.401 -41.068
-1.0625 33.4232 184.804 -51.1583 -14.2438 -149.095 -40.8724
-1.05469 33.3115 183.637 -51.4768 -14.3575 -149.794 -40.6727
-1.04688 33.1988 182.464 -51.7938 -14.4726 -150.499 -40.4689
-1.03906 33.0853 181.285 -52.1091 -14.589 -151.21 -40.2608
-1.03125 32.9709 180.101 -52.4229 -14.7068 -151.927 -40.0484
-1.02344 32.8555 178.911 -52.7349 -14.8261 -152.65 -39.8316
-1.01562 32.7392 177.716 -53.0452 -14.9468 -153.379 -39.6102
-1.00781 32.622 176.515 -53.3538 -15.069 -154.114 -39.3841
-1 32.5038 175.308 -53.6606 -15.1956 -154.854 -39.1537
-0.992188 32.3845 174.095 -53.9655 -15.3267 -155.599 -38.9192
-0.984375 32.2643 172.877 -54.2687 -15.4594 -156.35 -38.6798
-0.976562 32.143 171.652 -54.5699 -15.5941 -157.108 -38.4351
-0.96875 32.0206 170.422 -54.8692 -15.7305 -157.872 -38.1851
-0.960938 31.8972 169.185 -55.1665 -15.8686 -158.643 -37.9297
-0.953125 31.7727 167.943 -55.4618 -16.0086 -159.421 -37.6688
-0.945312 31.647 166.694 -55.7551 -16.1503 -160.205 -37.4021
-0.9375 31.5203 165.44 -56.0462 -16.2938 -160.996 -37.1296
-0.929688 31.3924 164.179 -56.3352 -16.4391 -161.794 -36.8509
-0.921875 31.2634 162.912 -56.622 -16.5862 -162.599 -36.566
-0.914062 31.1333 161.638 -56.9065 -16.7351 -163.411 -36.2746
-0.90625 31.0019 160.358 -57.1887 -16.8858 -164.231 -35.9766
-0.898438 30.8694 159.072 -57.4686 -17.0384 -165.057 -35.6717
-0.890625 30.7357 157.779 -57.7461 -17.1928 -165.891 -35.3599
-0.882812 30.6008 156.48 -58.0211 -17.3491 -166.733 -35.0408
-0.875 30.4646 155.174 -58.2936 -17.5072 -167.582 -34.7143
-0.867188 30.3272 153.862 -58.5635 -17.6672 -168.438 -34.3801
-0.859375 30.1886 152.542 -58.8307 -17.8291 -169.303 -34.0381
-0.851562 30.0486 151.216 -59.0953 -17.993 -170.175 -33.688
-0.84375 29.9074 149.883 -59.3571 -18.1588 -171.055 -33.3295
-0.835938 29.7649 148.543 -59.616 -18.3265 -171.944 -32.9624
-0.828125 29.6211 147.197 -59.8721 -18.4963 -172.84 -32.5865
-0.820312 29.4759 145.843 -60.1251 -18.6681 -173.745 -32.2015
-0.8125 29.3294 144.482 -60.3752 -18.8419 -174.659 -31.8071
-0.804688 29.1815 143.114 -60.6221 -19.0177 -175.581 -31.403
-0.796875 29.0322 141.738 -60.8658 -19.1957 -176.512 -30.989
-0.789062 28.8815 140.356 -61.1063 -19.3759 -177.451 -30.5647
-0.78125 28.7294 138.966 -61.3433 -19.5581 -178.4 -30.1299
-0.773438 28.5759 137.568 -61.577 -19.7426 -179.357 -29.6842
-0.765625 28.421 136.163 -61.8071 -19.9294 -180.324 -29.2273
-0.757812 28.2645 134.751 -62.0336 -20.1184 -181.3 -28.7588
-0.75 28.1066 133.33 -62.2564 -20.3098 -182.285 -28.2785
-0.742188 27.9472 131.902 -62.4754 -20.5035 -183.28 -27.7859
-0.734375 27.7862 130.466 -62.6905 -20.6997 -184.284 -27.2806
-0.726562 27.6237 129.023 -62.9016 -20.8983 -185.299 -26.7622
-0.71875 27.4597 127.571 -63.1086 -21.0994 -186.323 -26.2304
-0.710938 27.294 126.111 -63.3114 -21.3032 -187.358 -25.6847
-0.703125 27.1268 124.644 -63.5099 -21.5095 -188.402 -25.1247
-0.695312 26.9579 123.168 -63.7039 -21.7186 -189.457 -24.5499
-0.6875 26.7874 121.683 -63.8934 -21.9304 -190.523 -23.9598
-0.679688 26.6153 120.191 -64.0783 -22.1451 -191.599 -23.3539
-0.671875 26.4414 118.69 -64.2583 -22.3626 -192.685 -22.7318
-0.664062 26.2658 117.18 -64.4334 -22.5831 -193.783 -22.0928
-0.65625 26.0885 115.662 -64.6034 -22.8067 -194.892 -21.4364
-0.648438 25.9095 114.135 -64.7682 -23.0334 -196.011 -20.7621
-0.640625 25.7286 112.599 -64.9277 -23.2633 -197.142 -20.0691
-0.632812 25.546 111.054 -65.0818 -23.4965 -198.285 -19.357
-0.625 25.3615 109.501 -65.2301 -23.7331 -199.439 -18.6251
-0.617188 25.1751 107.938 -65.3727 -23.9731 -200.604 -17.8725
-0.609375 24.9869 106.366 -65.5093 -24.2167 -201.781 -17.0987
-0.601562 24.7967 104.785 -65.6398 -24.464 -202.97 -16.303
-0.59375 24.6046 103.195 -65.7639 -24.7151 -204.171 -15.4844
-0.585938 24.4105 101.595 -65.8816 -24.97 -205.384 -14.6422
-0.578125 24.2144 99.9856 -65.9926 -25.229 -206.609 -13.7757
-0.570312 24.0163 98.3666 -66.0968 -25.492 -207.845 -12.8837
-0.5625 23.8161 96.7379 -66.1938 -25.7593 -209.095 -11.9656
-0.554688 23.6138 95.0995 -66.2836 -26.031 -210.356 -11.0202
-0.546875 23.4094 93.4511 -66.3659 -26.3071 -211.63 -10.0467
-0.539062 23.2027 91.7927 -66.4405 -26.5878 -212.916 -9.04387
-0.53125 22.9939 90.1242 -66.5071 -26.8733 -214.214 -8.01069
-0.523438 22.7828 88.4456 -66.5655 -27.1637 -215.524 -6.94602
-0.515625 22.5695 86.7566 -66.6155 -27.4591 -216.847 -5.84866
-0.507812 22.3538 85.0573 -66.6568 -27.7597 -218.182 -4.71732
-0.5 22.1357 83.3475 -66.6891 -28.0665 -219.529 -3.55087
-0.492188 21.9152 81.6271 -66.7121 -28.38 -220.888 -2.34805
-0.484375 21.6922 79.8961 -66.7256 -28.7001 -222.258 -1.10743
-0.476562 21.4667 78.1543 -66.7293 -29.0271 -223.64 0.172227
-0.46875 21.2386 76.4016 -66.7228 -29.3617 -225.033 1.49235
-0.460938 21.0079 74.6381 -66.7058 -29.7044 -226.436 2.85443
-0.453125 20.7745 72.8635 -66.678 -30.0558 -227.849 4.25998
-0.445312 20.5383 71.0779 -66.6391 -30.4163 -229.272 5.71064
-0.4375 20.2992 69.2811 -66.5886 -30.7866 -230.704 7.2081
-0.429688 20.0572 67.4731 -66.5262 -31.1672 -232.144 8.7541
-0.421875 19.8122 65.6539 -66.4516 -31.5587 -233.591 10.3506
-0.414062 19.564 63.8232 -66.3643 -31.9616 -235.045 11.9995
-0.40625 19.3127 61.9812 -66.2639 -32.3765 -236.505 13.7029
-0.398438 19.0581 60.1278 -66.15 -32.8039 -237.97 15.463
-0.390625 18.8001 58.263 -66.0221 -33.2444 -239.438 17.282
-0.382812 18.5386 56.3866 -65.8797 -33.6986 -240.908 19.1623
-0.375 18.2735 54.4988 -65.7224 -34.1669 -242.378 21.1063
-0.367188 18.0047 52.5995 -65.5497 -34.6499 -243.848 23.1166
-0.359375 17.732 50.6887 -65.3609 -35.1482 -245.315 25.1959
-0.351562 17.4554 48.7664 -65.1557 -35.6622 -246.777 27.3469
-0.34375 17.1748 46.8328 -64.9334 -36.1924 -248.232 29.5725
-0.335938 16.8899 44.8878 -64.6933 -36.7393 -249.678 31.8757
-0.328125 16.6006 42.9316 -64.435 -37.3033 -251.111 34.2595
-0.320312 16.3069 40.9643 -64.1577 -37.8847 -252.529 36.727
-0.3125 16.0086 38.9859 -63.8608 -38.4841 -253.929 39.2815
-0.304688 15.7055 36.9967 -63.5436 -39.1016 -255.307 41.9262
-0.296875 15.3976 34.9969 -63.2053 -39.7376 -256.658 44.6644
-0.289062 15.0846 32.9866 -62.8453 -40.3923 -257.979 47.4994
-0.28125 14.7664 30.9661 -62.4628 -41.0657 -259.265 50.4345
-0.273438 14.4429 28.9357 -62.0569 -41.758 -260.51 53.4729
-0.265625 14.1138 26.8958 -61.6268 -42.4692 -261.709 56.6179
-0.257812 13.7792 24.8467 -61.1718 -43.199 -262.855 59.8725
-0.25 13.4388 22.7889 -60.6909 -43.9491 -263.942 63.2423
-0.242188 13.0924 20.7229 -60.1832 -44.7191 -264.961 66.7297
-0.234375 12.74 18.6492 -59.6478 -45.5068 -265.908 70.3343
-0.226562 12.3813 16.5684 -59.0837 -46.3108 -266.773 74.0582
-0.21875 12.0163 14.4812 -58.4901 -47.1298 -267.548 77.9034
-0.210938 11.6449 12.3883 -57.866 -47.9621 -268.225 81.8709
-0.203125 11.2669 10.2906 -57.2104 -48.8058 -268.793 85.9615
-0.195312 10.8822 8.18891 -56.5224 -49.6591 -269.242 90.175
-0.1875 10.4909 6.08421 -55.8009 -50.5195 -269.559 94.5102
-0.179688 10.0928 3.97759 -55.0452 -51.3846 -269.735 98.9651
-0.171875 9.68801 1.8702 -54.2542 -52.2516 -269.757 103.536
-0.164062 9.27641 -0.236699 -53.427 -53.1175 -269.611 108.219
-0.15625 8.85806 -2.34176 -52.5628 -53.979 -269.286 113.007
-0.148438 8.43302 -4.44354 -51.6609 -54.8324 -268.768 117.893
-0.140625 8.00135 -6.54046 -50.7204 -55.674 -268.045 122.866
-0.132812 7.56318 -8.63088 -49.7408 -56.4994 -267.104 127.916
-0.125 7.11863 -10.7131 -48.7215 -57.3046 -265.934 133.027
-0.117188 6.66789 -12.7852 -47.6621 -58.0847 -264.524 138.186
-0.109375 6.21117 -14.8453 -46.5622 -58.8353 -262.864 143.374
-0.101562 5.74872 -16.8914 -45.4218 -59.5515 -260.947 148.572
-0.09375 5.28083 -18.9215 -44.2408 -60.2286 -258.767 153.758
-0.0859375 4.80782 -20.9336 -43.0195 -60.8619 -256.32 158.91
-0.078125 4.33005 -22.9255 -41.7581 -61.4468 -253.606 164.004
-0.0703125 3.84792 -24.8952 -40.4572 -61.9792 -250.627 169.014
-0.0625 3.36185 -26.8405 -39.1176 -62.4551 -247.387 173.917
-0.0546875 2.87229 -28.7596 -37.7403 -62.8711 -243.895 178.685
-0.046875 2.37973 -30.6504 -36.3263 -63.2243 -240.161 183.297
-0.0390625 1.88467 -32.5112 -34.877 -63.5125 -236.201 187.727
-0.03125 1.38761 -34.3403 -33.3939 -63.734 -232.032 191.956
-0.0234375 0.889087 -36.136 -31.8785 -63.8881 -227.673 195.963
-0.015625 0.389624 -37.897 -30.3329 -63.9745 -223.146 199.733
-0.0078125 -0.110252 -39.6221 -28.7587 -63.9939 -218.475 203.252
0 -0.610041 -41.3102 -27.158 -63.952 -213.681 206.513
